,DATE,TIME,DOY,VSSX,VSSY,VSSZ,VSSG
0,2019-01-17,00:00:00.000,17,16484.7,-6926.9,-14876.6,0.1
1,2019-01-18,00:00:00.000,18,16505.9,-6932.3,-14875.7,0.1
2,2019-01-19,00:00:00.000,19,16523.1,-6934.0,-14871.8,0.1
3,2019-01-20,00:00:00.000,20,16511.8,-6937.1,-14870.4,0.2
4,2019-01-21,00:00:00.000,21,16522.2,-6932.7,-14872.2,99999.0
5,2019-01-22,00:00:00.000,22,16528.5,-6933.0,-14872.6,0.2
6,2019-01-23,00:00:00.000,23,16523.3,-6932.2,-14872.4,0.3
7,2019-01-24,00:00:00.000,24,16502.3,-6933.6,-14874.2,0.3
8,2019-01-25,00:00:00.000,25,16513.8,-6928.3,-14875.5,0.4
9,2019-01-26,00:00:00.000,26,16509.1,-6935.3,-14874.9,0.5
10,2019-01-27,00:00:00.000,27,16516.8,-6935.0,-14876.8,0.5
11,2019-01-28,00:00:00.000,28,16512.3,-6934.1,-14877.4,0.4
12,2019-01-29,00:00:00.000,29,16521.2,-6935.2,-14874.7,0.5
13,2019-01-30,00:00:00.000,30,16518.7,-6933.7,-14874.9,0.4
14,2019-01-31,00:00:00.000,31,16527.7,-6931.7,-14875.3,0.4
15,2019-02-01,00:00:00.000,32,16492.3,-6923.9,-14878.3,0.3
16,2019-02-02,00:00:00.000,33,16500.7,-6932.8,-14878.2,0.3
17,2019-02-03,00:00:00.000,34,16498.6,-6933.0,-14879.5,0.3
18,2019-02-04,00:00:00.000,35,16506.6,-6931.6,-14877.7,0.3
20,2019-02-06,00:00:00.000,37,16514.1,-6931.4,-14876.9,0.6
21,2019-02-07,00:00:00.000,38,16500.6,-6930.1,-14878.9,0.5
22,2019-02-08,00:00:00.000,39,16490.2,-6934.3,-14879.2,0.5
23,2019-02-09,00:00:00.000,40,16494.8,-6933.9,-14880.4,0.5
24,2019-02-10,00:00:00.000,41,16514.0,-6931.8,-14878.1,0.4
25,2019-02-11,00:00:00.000,42,16514.6,-6935.6,-14878.0,0.4
26,2019-02-12,00:00:00.000,43,16503.4,-6933.3,-14881.5,0.4
28,2019-02-14,00:00:00.000,45,16495.4,-6932.8,-14883.0,0.2
29,2019-02-15,00:00:00.000,46,16515.4,-6931.7,-14880.9,99999.0
30,2019-02-16,00:00:00.000,47,16511.0,-6934.2,-14880.4,99999.0
31,2019-02-17,00:00:00.000,48,16516.4,-6932.7,-14880.3,99999.0
32,2019-02-18,00:00:00.000,49,16518.9,-6936.5,-14880.4,99999.0
35,2019-02-21,00:00:00.000,52,16498.7,-6927.2,-14887.1,99999.0
36,2019-02-22,00:00:00.000,53,16491.4,-6929.8,-14886.2,99999.0
37,2019-02-23,00:00:00.000,54,16512.8,-6932.5,-14881.7,99999.0
38,2019-02-24,00:00:00.000,55,16517.6,-6932.0,-14882.5,99999.0
39,2019-02-25,00:00:00.000,56,16520.2,-6933.2,-14882.5,99999.0
40,2019-02-26,00:00:00.000,57,16511.6,-6933.3,-14884.3,99999.0
41,2019-02-27,00:00:00.000,58,16513.6,-6932.8,-14884.8,99999.0
42,2019-02-28,00:00:00.000,59,16484.5,-6932.0,-14884.9,0.1
43,2019-03-01,00:00:00.000,60,16480.8,-6930.4,-14886.1,0.0
44,2019-03-02,00:00:00.000,61,16503.1,-6938.8,-14881.1,99999.0
45,2019-03-03,00:00:00.000,62,16497.4,-6933.6,-14885.2,99999.0
46,2019-03-04,00:00:00.000,63,16499.9,-6935.6,-14884.2,99999.0
47,2019-03-05,00:00:00.000,64,16484.4,-6937.7,-14886.9,99999.0
48,2019-03-06,00:00:00.000,65,16498.9,-6933.0,-14887.2,99999.0
49,2019-03-07,00:00:00.000,66,16504.4,-6931.5,-14885.1,0.1
50,2019-03-08,00:00:00.000,67,16482.6,-6933.7,-14889.2,99999.0
52,2019-03-10,00:00:00.000,69,16502.1,-6934.8,-14885.2,0.1
53,2019-03-11,00:00:00.000,70,16510.1,-6931.3,-14886.2,0.0
54,2019-03-12,00:00:00.000,71,16506.2,-6933.1,-14886.3,0.1
55,2019-03-13,00:00:00.000,72,16496.4,-6932.5,-14888.1,0.1
56,2019-03-14,00:00:00.000,73,16507.6,-6931.8,-14888.7,0.0
57,2019-03-15,00:00:00.000,74,16481.8,-6931.1,-14891.6,0.0
58,2019-03-16,00:00:00.000,75,16504.5,-6930.8,-14890.3,0.1
59,2019-03-17,00:00:00.000,76,16482.4,-6946.4,-14879.8,99999.0
60,2019-03-18,00:00:00.000,77,16495.8,-6929.2,-14890.6,-0.2
61,2019-03-19,00:00:00.000,78,16503.1,-6931.0,-14890.1,0.0
62,2019-03-20,00:00:00.000,79,16495.4,-6927.5,-14891.3,99999.0
63,2019-03-21,00:00:00.000,80,16504.0,-6931.0,-14890.1,0.0
64,2019-03-22,00:00:00.000,81,16505.8,-6933.4,-14891.5,99999.0
65,2019-03-23,00:00:00.000,82,16509.7,-6933.4,-14889.8,0.1
66,2019-03-24,00:00:00.000,83,16508.8,-6932.6,-14888.9,0.1
67,2019-03-25,00:00:00.000,84,16526.8,-6932.5,-14890.2,0.2
68,2019-03-26,00:00:00.000,85,16507.0,-6933.0,-14891.7,0.1
69,2019-03-27,00:00:00.000,86,16517.5,-6931.5,-14890.5,0.0
70,2019-03-28,00:00:00.000,87,16506.4,-6931.0,-14891.1,0.1
71,2019-03-29,00:00:00.000,88,16494.7,-6935.3,-14892.1,99999.0
72,2019-03-30,00:00:00.000,89,16494.9,-6933.2,-14892.8,0.0
73,2019-03-31,00:00:00.000,90,16498.5,-6932.7,-14892.7,0.0
74,2019-04-01,00:00:00.000,91,16495.6,-6929.7,-14892.3,0.1
75,2019-04-02,00:00:00.000,92,16495.0,-6930.2,-14893.2,0.1
76,2019-04-03,00:00:00.000,93,16484.4,-6934.2,-14895.5,0.0
77,2019-04-04,00:00:00.000,94,16477.4,-6925.1,-14894.5,0.0
79,2019-04-06,00:00:00.000,96,16489.3,-6932.0,-14893.9,0.1
80,2019-04-07,00:00:00.000,97,16490.4,-6930.7,-14893.9,0.0
81,2019-04-08,00:00:00.000,98,16486.0,-6933.6,-14894.0,0.0
83,2019-04-10,00:00:00.000,100,16488.0,-6932.8,-14897.7,0.0
84,2019-04-11,00:00:00.000,101,16486.7,-6930.9,-14894.8,-0.1
85,2019-04-12,00:00:00.000,102,16495.1,-6930.6,-14894.3,99999.0
86,2019-04-13,00:00:00.000,103,16492.8,-6940.1,-14890.9,-0.4
87,2019-04-14,00:00:00.000,104,16497.6,-6930.2,-14895.5,-0.3
88,2019-04-15,00:00:00.000,105,16498.1,-6933.1,-14895.2,-0.3
89,2019-04-16,00:00:00.000,106,16485.4,-6929.2,-14895.0,-0.3
90,2019-04-17,00:00:00.000,107,16492.6,-6931.1,-14896.6,-0.4
91,2019-04-18,00:00:00.000,108,16501.2,-6932.1,-14896.7,-0.3
92,2019-04-19,00:00:00.000,109,16503.5,-6931.5,-14896.5,-0.3
93,2019-04-20,00:00:00.000,110,16499.4,-6931.0,-14899.0,-0.3
94,2019-04-21,00:00:00.000,111,16496.1,-6930.5,-14897.8,-0.3
95,2019-04-22,00:00:00.000,112,16495.6,-6930.2,-14899.7,-0.3
96,2019-04-23,00:00:00.000,113,16499.5,-6930.7,-14899.2,-0.3
97,2019-04-24,00:00:00.000,114,16468.8,-6941.0,-14897.3,-0.3
98,2019-04-25,00:00:00.000,115,16489.2,-6931.7,-14899.1,-0.4
99,2019-04-26,00:00:00.000,116,16491.9,-6931.4,-14899.3,-0.4
100,2019-04-27,00:00:00.000,117,16481.7,-6932.5,-14900.9,-0.4
101,2019-04-28,00:00:00.000,118,16481.4,-6931.0,-14900.0,-0.4
102,2019-04-29,00:00:00.000,119,16489.9,-6930.9,-14899.4,-0.3
103,2019-04-30,00:00:00.000,120,16485.4,-6931.7,-14901.6,-0.4
104,2019-05-01,00:00:00.000,121,16498.9,-6931.6,-14900.0,-0.3
105,2019-05-02,00:00:00.000,122,16470.2,-6931.8,-14904.7,-0.4
106,2019-05-03,00:00:00.000,123,16480.2,-6932.9,-14901.7,-0.4
107,2019-05-04,00:00:00.000,124,16484.8,-6929.2,-14902.2,-0.4
108,2019-05-05,00:00:00.000,125,16476.9,-6930.5,-14902.0,-0.3
109,2019-05-06,00:00:00.000,126,16482.4,-6929.9,-14903.5,-0.3
110,2019-05-07,00:00:00.000,127,16482.7,-6929.3,-14902.3,-0.3
111,2019-05-08,00:00:00.000,128,16491.3,-6931.1,-14902.8,-0.4
112,2019-05-09,00:00:00.000,129,16499.0,-6932.6,-14902.6,-0.3
113,2019-05-10,00:00:00.000,130,16485.1,-6930.3,-14905.3,-0.3
114,2019-05-11,00:00:00.000,131,16445.2,-6934.0,-14909.9,-0.3
115,2019-05-12,00:00:00.000,132,16459.4,-6926.5,-14905.5,-0.2
116,2019-05-13,00:00:00.000,133,16473.0,-6930.8,-14908.5,-0.2
117,2019-05-14,00:00:00.000,134,16485.6,-6931.8,-14904.1,-0.2
118,2019-05-15,00:00:00.000,135,16451.7,-6929.8,-14907.3,-0.3
119,2019-05-16,00:00:00.000,136,16485.9,-6930.2,-14905.7,-0.2
120,2019-05-17,00:00:00.000,137,16461.9,-6928.5,-14907.9,-0.3
121,2019-05-18,00:00:00.000,138,16485.6,-6930.5,-14905.2,-0.2
122,2019-05-19,00:00:00.000,139,16483.2,-6930.6,-14907.5,-0.1
123,2019-05-20,00:00:00.000,140,16484.1,-6931.5,-14907.5,-0.2
124,2019-05-21,00:00:00.000,141,16482.7,-6930.4,-14907.4,-0.2
125,2019-05-22,00:00:00.000,142,16486.7,-6930.5,-14908.0,-0.2
126,2019-05-23,00:00:00.000,143,16489.2,-6932.9,-14906.2,-0.1
127,2019-05-24,00:00:00.000,144,16467.2,-6930.8,-14906.6,-0.2
128,2019-05-25,00:00:00.000,145,16496.7,-6932.8,-14905.9,-0.1
129,2019-05-26,00:00:00.000,146,16487.3,-6930.4,-14908.3,-0.1
130,2019-05-27,00:00:00.000,147,16511.4,-6932.3,-14905.2,-0.2
131,2019-05-28,00:00:00.000,148,16472.0,-6932.8,-14907.5,-0.2
132,2019-05-29,00:00:00.000,149,16480.2,-6933.7,-14907.8,-0.1
133,2019-05-30,00:00:00.000,150,16464.9,-6930.2,-14912.9,-0.3
134,2019-05-31,00:00:00.000,151,16483.1,-6930.2,-14908.5,-0.2
135,2019-06-01,00:00:00.000,152,16478.7,-6928.7,-14910.0,-0.2
136,2019-06-02,00:00:00.000,153,16475.8,-6930.4,-14911.1,-0.2
137,2019-06-03,00:00:00.000,154,16475.4,-6930.1,-14912.3,-0.1
138,2019-06-04,00:00:00.000,155,16483.6,-6931.3,-14911.0,-0.1
139,2019-06-05,00:00:00.000,156,16459.9,-6928.8,-14911.7,-0.2
140,2019-06-06,00:00:00.000,157,16480.4,-6928.5,-14912.6,-0.4
141,2019-06-07,00:00:00.000,158,16479.1,-6929.3,-14912.1,-0.4
142,2019-06-08,00:00:00.000,159,16473.7,-6929.5,-14911.6,-0.4
143,2019-06-09,00:00:00.000,160,16452.6,-6933.0,-14912.3,-0.3
144,2019-06-10,00:00:00.000,161,16473.7,-6930.1,-14912.8,-0.4
145,2019-06-11,00:00:00.000,162,16477.7,-6929.9,-14913.3,-0.3
146,2019-06-12,00:00:00.000,163,16484.5,-6930.8,-14911.4,-0.3
147,2019-06-13,00:00:00.000,164,16486.5,-6929.7,-14912.6,-0.4
148,2019-06-14,00:00:00.000,165,16459.1,-6938.4,-14913.7,-0.4
149,2019-06-15,00:00:00.000,166,16478.9,-6931.4,-14913.2,-0.5
150,2019-06-16,00:00:00.000,167,16477.0,-6929.2,-14915.0,-0.4
151,2019-06-17,00:00:00.000,168,16477.8,-6929.7,-14915.2,-0.5
152,2019-06-18,00:00:00.000,169,16488.4,-6931.6,-14913.6,-0.4
153,2019-06-19,00:00:00.000,170,16484.7,-6932.3,-14915.3,-0.4
154,2019-06-20,00:00:00.000,171,16487.7,-6931.1,-14915.0,-0.5
155,2019-06-21,00:00:00.000,172,16475.2,-6933.1,-14914.5,-0.5
156,2019-06-22,00:00:00.000,173,16480.5,-6931.0,-14916.3,-0.3
157,2019-06-23,00:00:00.000,174,16485.7,-6931.9,-14916.3,-0.3
158,2019-06-24,00:00:00.000,175,16483.0,-6932.7,-14916.1,-0.3
159,2019-06-25,00:00:00.000,176,16480.7,-6929.9,-14916.4,-0.3
160,2019-06-26,00:00:00.000,177,16479.2,-6932.8,-14917.4,-0.2
161,2019-06-27,00:00:00.000,178,16478.2,-6929.4,-14917.3,-0.2
162,2019-06-28,00:00:00.000,179,16488.1,-6931.7,-14916.8,-0.3
163,2019-06-29,00:00:00.000,180,16475.5,-6928.7,-14918.1,-0.3
164,2019-06-30,00:00:00.000,181,16479.5,-6930.7,-14919.0,-0.1
165,2019-07-01,00:00:00.000,182,16475.7,-6932.0,-14918.9,-0.1
166,2019-07-02,00:00:00.000,183,16459.9,-6926.9,-14922.2,-0.2
167,2019-07-03,00:00:00.000,184,16476.1,-6927.9,-14919.1,-0.2
168,2019-07-04,00:00:00.000,185,16470.9,-6929.7,-14919.8,-0.3
169,2019-07-05,00:00:00.000,186,16481.4,-6929.1,-14918.7,-0.3
170,2019-07-06,00:00:00.000,187,16475.4,-6929.0,-14921.0,-0.3
171,2019-07-07,00:00:00.000,188,16483.5,-6929.9,-14920.1,-0.4
172,2019-07-08,00:00:00.000,189,16468.9,-6929.0,-14921.3,-0.3
173,2019-07-09,00:00:00.000,190,16487.3,-6934.1,-14921.0,-0.3
174,2019-07-10,00:00:00.000,191,16459.9,-6928.3,-14922.2,-0.3
175,2019-07-11,00:00:00.000,192,16448.6,-6927.6,-14926.2,-0.4
176,2019-07-12,00:00:00.000,193,16461.6,-6926.8,-14924.6,-0.3
177,2019-07-13,00:00:00.000,194,16466.4,-6927.8,-14923.1,-0.3
178,2019-07-14,00:00:00.000,195,16464.4,-6932.7,-14923.9,-0.2
179,2019-07-15,00:00:00.000,196,16462.1,-6928.6,-14926.3,-0.2
180,2019-07-16,00:00:00.000,197,16466.5,-6928.4,-14924.2,-0.3
181,2019-07-17,00:00:00.000,198,16468.2,-6928.4,-14925.4,-0.2
182,2019-07-18,00:00:00.000,199,16467.0,-6928.0,-14925.8,-0.2
183,2019-07-19,00:00:00.000,200,16468.6,-6927.8,-14926.2,-0.2
184,2019-07-20,00:00:00.000,201,16468.0,-6925.5,-14925.5,-0.2
185,2019-07-21,00:00:00.000,202,16475.0,-6927.5,-14926.7,-0.2
186,2019-07-22,00:00:00.000,203,16479.6,-6928.7,-14924.5,-0.2
187,2019-07-23,00:00:00.000,204,16463.4,-6927.2,-14927.2,-0.2
188,2019-07-24,00:00:00.000,205,16465.8,-6928.7,-14926.8,-0.2
189,2019-07-25,00:00:00.000,206,16466.5,-6928.8,-14927.0,-0.2
190,2019-07-26,00:00:00.000,207,16470.7,-6927.9,-14926.0,-0.4
191,2019-07-27,00:00:00.000,208,16473.2,-6928.8,-14927.4,-0.3
192,2019-07-28,00:00:00.000,209,16469.3,-6927.2,-14926.8,-0.3
193,2019-07-29,00:00:00.000,210,16472.9,-6929.0,-14928.7,-0.3
194,2019-07-30,00:00:00.000,211,16467.4,-6928.7,-14929.2,-0.3
195,2019-07-31,00:00:00.000,212,16472.9,-6925.5,-14928.7,-0.3
196,2019-08-01,00:00:00.000,213,16469.8,-6930.1,-14929.1,-0.3
197,2019-08-02,00:00:00.000,214,16467.3,-6926.6,-14928.9,-0.3
198,2019-08-03,00:00:00.000,215,16472.6,-6927.4,-14929.8,-0.3
199,2019-08-04,00:00:00.000,216,16469.6,-6928.5,-14929.6,-0.3
200,2019-08-05,00:00:00.000,217,16482.9,-6930.0,-14927.1,-0.3
201,2019-08-06,00:00:00.000,218,16438.2,-6924.0,-14930.5,-0.4
202,2019-08-07,00:00:00.000,219,16448.2,-6929.4,-14933.0,-0.4
203,2019-08-08,00:00:00.000,220,16449.7,-6926.0,-14933.1,-0.3
204,2019-08-09,00:00:00.000,221,16451.2,-6926.0,-14931.5,-0.2
205,2019-08-10,00:00:00.000,222,16457.2,-6928.4,-14931.6,-0.3
206,2019-08-11,00:00:00.000,223,16453.8,-6924.0,-14933.3,-0.4
207,2019-08-12,00:00:00.000,224,16460.2,-6927.5,-14934.1,-0.4
208,2019-08-13,00:00:00.000,225,16468.9,-6927.7,-14931.9,-0.4
209,2019-08-14,00:00:00.000,226,16455.1,-6928.5,-14932.4,-0.4
210,2019-08-15,00:00:00.000,227,16465.0,-6926.5,-14931.3,-0.4
211,2019-08-16,00:00:00.000,228,16461.7,-6927.1,-14935.9,-0.4
212,2019-08-17,00:00:00.000,229,16460.3,-6926.3,-14934.3,-0.3
213,2019-08-18,00:00:00.000,230,16470.9,-6926.0,-14932.8,-0.4
214,2019-08-19,00:00:00.000,231,16451.6,-6924.3,-14936.1,-0.3
215,2019-08-20,00:00:00.000,232,16464.4,-6925.3,-14935.5,-0.3
216,2019-08-21,00:00:00.000,233,16461.1,-6928.6,-14935.1,-0.2
217,2019-08-22,00:00:00.000,234,16464.9,-6927.2,-14935.7,-0.3
218,2019-08-23,00:00:00.000,235,16468.2,-6928.9,-14935.1,-0.2
219,2019-08-24,00:00:00.000,236,16463.1,-6926.0,-14936.1,-0.1
220,2019-08-25,00:00:00.000,237,16464.8,-6925.6,-14936.0,-0.2
221,2019-08-26,00:00:00.000,238,16460.6,-6925.7,-14938.0,-0.1
222,2019-08-27,00:00:00.000,239,16457.6,-6925.6,-14937.9,-0.1
223,2019-08-28,00:00:00.000,240,16455.6,-6929.9,-14935.7,-0.1
224,2019-08-29,00:00:00.000,241,16455.9,-6925.5,-14938.1,-0.1
225,2019-08-30,00:00:00.000,242,16467.0,-6924.7,-14939.3,0.0
226,2019-08-31,00:00:00.000,243,16439.8,-6920.6,-14941.7,-0.1
227,2019-09-01,00:00:00.000,244,16417.6,-6922.9,-14944.6,-0.1
228,2019-09-02,00:00:00.000,245,16447.8,-6932.6,-14929.0,0.0
229,2019-09-03,00:00:00.000,246,16435.6,-6920.9,-14942.1,-0.1
230,2019-09-04,00:00:00.000,247,16436.6,-6922.2,-14942.7,-0.1
231,2019-09-05,00:00:00.000,248,16442.1,-6922.7,-14942.7,-0.1
232,2019-09-06,00:00:00.000,249,16443.3,-6922.9,-14942.6,-0.1
233,2019-09-07,00:00:00.000,250,16444.0,-6923.4,-14942.6,0.1
234,2019-09-08,00:00:00.000,251,16449.5,-6925.4,-14943.6,0.0
235,2019-09-09,00:00:00.000,252,16412.9,-6924.9,-14947.3,0.0
236,2019-09-10,00:00:00.000,253,16438.4,-6925.2,-14943.0,0.0
237,2019-09-11,00:00:00.000,254,16443.3,-6923.9,-14943.4,0.0
238,2019-09-12,00:00:00.000,255,16447.3,-6923.2,-14944.0,-0.1
239,2019-09-13,00:00:00.000,256,16460.4,-6922.6,-14942.5,0.0
240,2019-09-14,00:00:00.000,257,16451.5,-6923.4,-14944.0,0.1
241,2019-09-15,00:00:00.000,258,16443.5,-6922.6,-14945.2,0.1
242,2019-09-16,00:00:00.000,259,16441.4,-6920.9,-14948.4,0.1
243,2019-09-17,00:00:00.000,260,16448.1,-6921.2,-14948.2,0.1
244,2019-09-18,00:00:00.000,261,16443.2,-6922.0,-14948.3,0.2
245,2019-09-19,00:00:00.000,262,16444.9,-6925.6,-14946.3,0.1
246,2019-09-20,00:00:00.000,263,16453.5,-6925.1,-14945.7,0.4
247,2019-09-21,00:00:00.000,264,16456.5,-6925.9,-14946.2,0.4
248,2019-09-22,00:00:00.000,265,16427.3,-6921.5,-14949.5,0.2
249,2019-09-23,00:00:00.000,266,16455.1,-6925.4,-14947.4,0.4
250,2019-09-24,00:00:00.000,267,16455.3,-6923.1,-14948.2,0.3
251,2019-09-25,00:00:00.000,268,16446.6,-6922.4,-14949.4,0.3
252,2019-09-26,00:00:00.000,269,16451.4,-6922.4,-14948.7,0.2
253,2019-09-27,00:00:00.000,270,16454.1,-6922.3,-14948.0,0.2
254,2019-09-28,00:00:00.000,271,16395.7,-6916.6,-14949.6,0.2
255,2019-09-29,00:00:00.000,272,16446.3,-6923.1,-14945.9,0.3
256,2019-09-30,00:00:00.000,273,16410.7,-6918.4,-14954.9,0.3
257,2019-10-01,00:00:00.000,274,16440.9,-6919.7,-14950.0,0.3
258,2019-10-02,00:00:00.000,275,16437.2,-6921.8,-14951.3,0.3
259,2019-10-03,00:00:00.000,276,16440.1,-6920.2,-14951.1,0.2
260,2019-10-04,00:00:00.000,277,16455.3,-6920.1,-14949.2,0.2
261,2019-10-05,00:00:00.000,278,16445.6,-6921.8,-14948.9,0.2
262,2019-10-06,00:00:00.000,279,16454.7,-6921.4,-14949.4,0.2
263,2019-10-07,00:00:00.000,280,16443.0,-6921.4,-14951.7,0.2
264,2019-10-08,00:00:00.000,281,16446.0,-6922.1,-14949.5,0.1
265,2019-10-09,00:00:00.000,282,16446.9,-6921.8,-14951.3,0.1
266,2019-10-10,00:00:00.000,283,16457.2,-6920.7,-14950.1,0.1
267,2019-10-11,00:00:00.000,284,16436.4,-6919.1,-14952.9,0.1
268,2019-10-12,00:00:00.000,285,16443.8,-6922.5,-14950.2,0.1
269,2019-10-13,00:00:00.000,286,16442.8,-6918.6,-14953.2,0.1
270,2019-10-14,00:00:00.000,287,16448.3,-6920.6,-14951.9,0.0
271,2019-10-15,00:00:00.000,288,16450.1,-6916.3,-14952.7,0.0
272,2019-10-16,00:00:00.000,289,16474.7,-6918.3,-14951.5,0.0
273,2019-10-17,00:00:00.000,290,16443.9,-6920.1,-14953.8,0.0
274,2019-10-18,00:00:00.000,291,16443.7,-6918.6,-14955.6,0.0
275,2019-10-19,00:00:00.000,292,16443.4,-6917.1,-14956.2,0.0
276,2019-10-20,00:00:00.000,293,16437.2,-6919.1,-14956.8,-0.1
277,2019-10-21,00:00:00.000,294,16439.3,-6916.1,-14956.4,-0.1
278,2019-10-22,00:00:00.000,295,16452.9,-6917.4,-14955.3,-0.1
279,2019-10-23,00:00:00.000,296,16448.1,-6917.0,-14956.8,-0.2
280,2019-10-24,00:00:00.000,297,16454.1,-6918.1,-14957.2,-0.1
281,2019-10-25,00:00:00.000,298,16437.1,-6920.9,-14956.4,-0.1
282,2019-10-26,00:00:00.000,299,16434.1,-6920.4,-14957.4,-0.1
283,2019-10-27,00:00:00.000,300,16404.9,-6918.2,-14960.5,-0.2
284,2019-10-28,00:00:00.000,301,16427.1,-6914.3,-14959.5,-0.2
285,2019-10-29,00:00:00.000,302,16429.1,-6914.8,-14958.7,-0.2
286,2019-10-30,00:00:00.000,303,16439.8,-6913.8,-14958.9,-0.2
287,2019-10-31,00:00:00.000,304,16442.1,-6909.9,-14960.0,-0.2
288,2019-11-01,00:00:00.000,305,16435.0,-6916.6,-14960.2,-0.2
289,2019-11-02,00:00:00.000,306,16440.4,-6917.6,-14958.9,-0.3
290,2019-11-03,00:00:00.000,307,16442.3,-6916.1,-14960.0,-0.2
291,2019-11-04,00:00:00.000,308,16444.2,-6920.2,-14961.1,-0.2
292,2019-11-05,00:00:00.000,309,16445.1,-6915.9,-14962.1,-0.3
293,2019-11-06,00:00:00.000,310,16440.6,-6920.2,-14961.6,-0.2
294,2019-11-07,00:00:00.000,311,16437.7,-6914.8,-14963.0,-0.2
295,2019-11-08,00:00:00.000,312,16442.1,-6915.1,-14963.0,-0.1
296,2019-11-09,00:00:00.000,313,16440.9,-6916.6,-14962.7,-0.2
297,2019-11-10,00:00:00.000,314,16435.4,-6918.7,-14965.1,-0.2
298,2019-11-11,00:00:00.000,315,16448.0,-6917.3,-14961.6,-0.2
299,2019-11-12,00:00:00.000,316,16444.5,-6909.0,-14963.1,-0.1
300,2019-11-13,00:00:00.000,317,16440.3,-6917.9,-14962.0,-0.1
301,2019-11-14,00:00:00.000,318,16438.9,-6917.2,-14964.6,-0.1
302,2019-11-15,00:00:00.000,319,16447.1,-6915.4,-14964.0,-0.1
303,2019-11-16,00:00:00.000,320,16444.9,-6916.9,-14964.3,-0.1
304,2019-11-17,00:00:00.000,321,16435.2,-6915.3,-14964.8,-0.2
305,2019-11-18,00:00:00.000,322,16444.5,-6915.5,-14964.5,-0.1
306,2019-11-19,00:00:00.000,323,16445.1,-6916.5,-14964.5,-0.1
307,2019-11-20,00:00:00.000,324,16445.5,-6916.4,-14964.3,0.0
308,2019-11-21,00:00:00.000,325,16438.7,-6914.9,-14968.6,99999.0
309,2019-11-22,00:00:00.000,326,16430.2,-6912.5,-14968.2,0.0
310,2019-11-23,00:00:00.000,327,16415.3,-6912.8,-14970.6,-0.1
311,2019-11-24,00:00:00.000,328,16421.7,-6914.1,-14970.7,-0.2
312,2019-11-25,00:00:00.000,329,16437.1,-6914.4,-14966.8,-0.1
313,2019-11-26,00:00:00.000,330,16432.7,-6916.9,-14968.6,-0.1
314,2019-11-27,00:00:00.000,331,16442.9,-6914.1,-14969.2,-0.1
315,2019-11-28,00:00:00.000,332,16436.3,-6911.3,-14969.3,-0.2
316,2019-11-29,00:00:00.000,333,16451.5,-6910.1,-14968.8,0.0
317,2019-11-30,00:00:00.000,334,16427.3,-6912.1,-14971.1,-0.1
318,2019-12-01,00:00:00.000,335,16439.3,-6912.8,-14971.5,0.0
319,2019-12-02,00:00:00.000,336,16444.4,-6914.8,-14969.7,-0.1
320,2019-12-03,00:00:00.000,337,16441.4,-6913.5,-14969.5,-0.1
321,2019-12-04,00:00:00.000,338,16456.7,-6911.9,-14967.2,-0.1
322,2019-12-05,00:00:00.000,339,16442.7,-6915.6,-14969.4,-0.1
323,2019-12-06,00:00:00.000,340,16441.8,-6914.8,-14970.1,-0.1
324,2019-12-07,00:00:00.000,341,16436.2,-6915.9,-14970.5,-0.2
325,2019-12-08,00:00:00.000,342,16435.7,-6913.2,-14970.0,-0.1
326,2019-12-09,00:00:00.000,343,16431.4,-6910.7,-14971.6,-0.1
327,2019-12-10,00:00:00.000,344,16439.7,-6912.2,-14970.8,-0.1
328,2019-12-11,00:00:00.000,345,16442.3,-6911.6,-14972.3,-0.1
329,2019-12-12,00:00:00.000,346,16435.5,-6914.8,-14971.7,-0.1
330,2019-12-13,00:00:00.000,347,16430.5,-6910.9,-14974.2,-0.1
331,2019-12-14,00:00:00.000,348,16439.9,-6912.7,-14973.3,-0.1
332,2019-12-15,00:00:00.000,349,16434.7,-6914.5,-14974.2,-0.2
333,2019-12-16,00:00:00.000,350,16432.8,-6915.3,-14973.5,-0.1
334,2019-12-17,00:00:00.000,351,16437.9,-6916.4,-14972.6,-0.1
335,2019-12-18,00:00:00.000,352,16446.2,-6914.7,-14973.6,-0.1
336,2019-12-19,00:00:00.000,353,16428.0,-6911.2,-14974.7,-0.1
337,2019-12-20,00:00:00.000,354,16428.2,-6911.7,-14975.5,-0.1
338,2019-12-21,00:00:00.000,355,16429.2,-6911.9,-14977.8,-0.1
339,2019-12-22,00:00:00.000,356,16428.9,-6913.0,-14976.0,0.0
340,2019-12-23,00:00:00.000,357,16431.9,-6915.4,-14975.1,0.0
341,2019-12-24,00:00:00.000,358,16428.3,-6912.3,-14976.1,0.1
342,2019-12-25,00:00:00.000,359,16436.4,-6914.1,-14976.4,0.1
343,2019-12-26,00:00:00.000,360,16455.3,-6909.4,-14975.9,0.2
344,2019-12-27,00:00:00.000,361,16437.9,-6910.5,-14976.9,0.1
345,2019-12-28,00:00:00.000,362,16436.9,-6911.9,-14975.3,0.1
346,2019-12-29,00:00:00.000,363,16435.5,-6911.4,-14977.9,0.2
347,2019-12-30,00:00:00.000,364,16435.4,-6913.1,-14977.4,0.2
348,2019-12-31,00:00:00.000,365,16450.2,-6911.3,-14977.1,0.2
