,DATE,TIME,DOY,VSSX,VSSY,VSSZ,VSSG,F
0,2017-01-01,00:00:00.000,1,16701.6,-6959.5,-14647.2,-0.3,23279.144113347465
1,2017-01-02,00:00:00.000,2,16714.7,-6967.7,-14644.2,-0.3,23289.109751555556
2,2017-01-03,00:00:00.000,3,16716.4,-6964.4,-14645.7,-0.2,23290.28606114575
3,2017-01-04,00:00:00.000,4,16710.7,-6959.6,-14647.0,-0.3,23285.577846598528
4,2017-01-05,00:00:00.000,5,16691.8,-6967.6,-14650.9,-0.4,23276.86636577183
5,2017-01-06,00:00:00.000,6,16695.3,-6969.5,-14647.3,-0.3,23277.679644457694
6,2017-01-07,00:00:00.000,7,16707.7,-6964.5,-14651.7,-0.3,23287.84688265534
9,2017-01-10,00:00:00.000,10,16696.1,-6968.2,-14650.3,0.2,23279.752072133415
10,2017-01-11,00:00:00.000,11,16699.2,-6966.7,-14653.5,0.1,23283.54036180924
11,2017-01-12,00:00:00.000,12,16708.9,-6967.2,-14651.7,0.1,23289.515408011393
12,2017-01-13,00:00:00.000,13,16715.9,-6962.5,-14652.3,0.2,23293.51013372609
13,2017-01-14,00:00:00.000,14,16718.7,-6965.5,-14651.4,0.2,23295.85031502392
14,2017-01-15,00:00:00.000,15,16719.9,-6966.0,-14651.5,0.3,23296.923922698465
15,2017-01-16,00:00:00.000,16,16715.4,-6963.8,-14650.7,0.2,23292.53352664755
16,2017-01-17,00:00:00.000,17,16718.5,-6964.9,-14651.5,0.2,23295.59028035134
17,2017-01-18,00:00:00.000,18,16738.3,-6961.3,-14650.6,0.1,23308.163053745786
18,2017-01-19,00:00:00.000,19,16695.5,-6963.0,-14654.5,0.2,23280.409349923382
19,2017-01-20,00:00:00.000,20,16704.2,-6964.0,-14654.0,0.1,23286.63371206753
20,2017-01-21,00:00:00.000,21,16697.4,-6964.6,-14655.6,0.1,23282.942925669857
21,2017-01-22,00:00:00.000,22,16705.3,-6962.2,-14651.6,0.1,23285.37436868903
22,2017-01-23,00:00:00.000,23,16708.0,-6964.7,-14654.6,0.1,23289.9465703552
23,2017-01-24,00:00:00.000,24,16706.6,-6966.3,-14654.7,0.1,23289.48370702966
24,2017-01-25,00:00:00.000,25,16711.7,-6964.4,-14653.9,0.1,23292.070956872856
25,2017-01-26,00:00:00.000,26,16717.6,-6967.1,-14654.2,0.0,23297.300483317802
26,2017-01-27,00:00:00.000,27,16696.3,-6956.6,-14659.8,-0.1,23282.406518442203
27,2017-01-28,00:00:00.000,28,16705.8,-6962.3,-14655.3,0.0,23288.09122749222
28,2017-01-29,00:00:00.000,29,16701.1,-6962.7,-14655.7,-0.1,23285.091260074547
29,2017-01-30,00:00:00.000,30,16708.8,-6966.6,-14655.3,-0.1,23291.529170279908
30,2017-01-31,00:00:00.000,31,16710.9,-6965.3,-14655.6,-0.1,23292.835685248803
31,2017-02-01,00:00:00.000,32,16664.3,-6967.9,-14659.0,-0.1,23262.347385850808
32,2017-02-02,00:00:00.000,33,16682.4,-6963.0,-14659.5,-0.1,23274.16548471717
33,2017-02-03,00:00:00.000,34,16683.5,-6962.6,-14659.0,-0.1,23274.519372266313
34,2017-02-04,00:00:00.000,35,16689.8,-6964.9,-14658.9,-0.1,23279.66076342179
35,2017-02-05,00:00:00.000,36,16675.2,-6965.2,-14662.2,0.2,23271.364698272428
36,2017-02-06,00:00:00.000,37,16693.2,-6961.0,-14659.1,0.1,23281.05796672479
37,2017-02-07,00:00:00.000,38,16689.1,-6967.2,-14659.3,0.1,23280.099036301366
38,2017-02-08,00:00:00.000,39,16699.1,-6965.9,-14658.4,0.1,23286.31345189702
39,2017-02-09,00:00:00.000,40,16707.2,-6965.0,-14659.1,0.1,23292.294211820357
40,2017-02-10,00:00:00.000,41,16698.4,-6963.8,-14658.4,0.1,23285.183348215236
41,2017-02-11,00:00:00.000,42,16702.6,-6966.3,-14657.4,0.1,23288.31374767181
42,2017-02-12,00:00:00.000,43,16705.5,-6965.3,-14658.8,0.1,23290.97575843485
43,2017-02-13,00:00:00.000,44,16708.8,-6963.6,-14657.0,0.1,23291.701771231743
44,2017-02-14,00:00:00.000,45,16713.8,-6963.7,-14658.4,0.1,23296.199661962037
45,2017-02-15,00:00:00.000,46,16709.5,-6967.2,-14658.3,0.0,23294.098501122553
46,2017-02-16,00:00:00.000,47,16711.9,-6966.6,-14657.1,0.0,23294.885652863806
47,2017-02-17,00:00:00.000,48,16707.8,-6964.1,-14658.8,0.1,23292.26667995195
48,2017-02-18,00:00:00.000,49,16675.5,-6974.9,-14657.5,-0.1,23271.524155284715
49,2017-02-19,00:00:00.000,50,16687.6,-6965.2,-14661.7,0.0,23279.9366771046
50,2017-02-20,00:00:00.000,51,16703.5,-6966.7,-14660.7,0.1,23291.155953065103
51,2017-02-21,00:00:00.000,52,16698.1,-6964.6,-14662.9,0.0,23288.04056119793
52,2017-02-22,00:00:00.000,53,16699.5,-6965.9,-14664.7,0.0,23290.566527029783
53,2017-02-23,00:00:00.000,54,16704.7,-6965.0,-14660.0,0.0,23291.06753865095
54,2017-02-24,00:00:00.000,55,16699.4,-6963.8,-14661.5,0.0,23287.852048868743
55,2017-02-25,00:00:00.000,56,16688.6,-6970.5,-14661.1,0.0,23281.86189762322
56,2017-02-26,00:00:00.000,57,16700.6,-6967.3,-14660.3,0.0,23289.003966249824
57,2017-02-27,00:00:00.000,58,16708.6,-6966.3,-14660.3,0.1,23294.442378816453
58,2017-02-28,00:00:00.000,59,16677.4,-6964.3,-14663.2,0.0,23273.301860501015
59,2017-03-01,00:00:00.000,60,16697.1,-6961.7,-14661.9,0.0,23285.826738812604
60,2017-03-02,00:00:00.000,61,16630.8,-6967.3,-14669.8,0.0,23244.995374703776
61,2017-03-03,00:00:00.000,62,16682.4,-6964.4,-14664.3,0.0,23277.607944331394
62,2017-03-04,00:00:00.000,63,16688.1,-6963.8,-14664.0,0.1,23281.32487746348
63,2017-03-05,00:00:00.000,64,16670.5,-6969.4,-14662.2,0.0,23269.254724850987
64,2017-03-06,00:00:00.000,65,16673.5,-6970.5,-14662.5,0.0,23271.92254090753
65,2017-03-07,00:00:00.000,66,16677.8,-6965.7,-14664.5,0.0,23274.826520943177
66,2017-03-08,00:00:00.000,67,16688.9,-6968.6,-14662.2,0.0,23282.200884151825
67,2017-03-09,00:00:00.000,68,16675.1,-6972.8,-14664.9,0.1,23275.26996320343
68,2017-03-10,00:00:00.000,69,16684.5,-6965.2,-14665.2,0.0,23279.919293889317
69,2017-03-11,00:00:00.000,70,16684.8,-6968.3,-14665.0,0.1,23280.935997721397
70,2017-03-12,00:00:00.000,71,16690.8,-6963.8,-14663.3,0.1,23282.819459206396
71,2017-03-13,00:00:00.000,72,16687.0,-6965.7,-14666.8,0.0,23282.86854599321
72,2017-03-14,00:00:00.000,73,16695.9,-6966.4,-14664.5,0.1,23288.009060887965
73,2017-03-15,00:00:00.000,74,16694.2,-6967.3,-14665.5,0.0,23287.68930529605
74,2017-03-16,00:00:00.000,75,16693.5,-6970.5,-14663.6,0.1,23286.94865069273
75,2017-03-17,00:00:00.000,76,16694.0,-6968.0,-14664.0,0.1,23286.810773482917
76,2017-03-18,00:00:00.000,77,16694.4,-6967.7,-14664.8,0.1,23287.511539234933
77,2017-03-19,00:00:00.000,78,16702.2,-6969.0,-14664.7,0.0,23293.429801770286
78,2017-03-20,00:00:00.000,79,16698.2,-6967.1,-14664.5,0.0,23289.867451318827
79,2017-03-21,00:00:00.000,80,16709.5,-6968.6,-14663.7,0.2,23297.915655697616
80,2017-03-22,00:00:00.000,81,16655.2,-6958.6,-14669.6,0.2,23259.728398242314
81,2017-03-23,00:00:00.000,82,16650.7,-6966.1,-14669.8,0.2,23258.87769734387
82,2017-03-24,00:00:00.000,83,16700.0,-6965.8,-14667.7,0.2,23292.784138655476
83,2017-03-25,00:00:00.000,84,16693.2,-6967.1,-14667.6,0.2,23288.235193118435
84,2017-03-26,00:00:00.000,85,16693.6,-6968.2,-14668.0,0.3,23289.10294966296
85,2017-03-27,00:00:00.000,86,16709.3,-6968.8,-14667.1,0.3,23299.97215320224
86,2017-03-28,00:00:00.000,87,16633.8,-6969.2,-14671.5,0.2,23248.784125841936
87,2017-03-29,00:00:00.000,88,16664.8,-6968.1,-14670.9,0.2,23270.266080558686
88,2017-03-30,00:00:00.000,89,16675.3,-6972.9,-14667.1,0.2,23276.829399855986
89,2017-03-31,00:00:00.000,90,16639.5,-6969.5,-14674.5,0.2,23254.84553270565
90,2017-04-01,00:00:00.000,91,16662.2,-6968.8,-14673.6,0.2,23270.316268585608
91,2017-04-02,00:00:00.000,92,16678.1,-6970.0,-14666.0,0.2,23277.27380107043
92,2017-04-03,00:00:00.000,93,16674.9,-6966.2,-14671.5,0.2,23277.309653394226
93,2017-04-04,00:00:00.000,94,16677.1,-6969.7,-14670.9,0.2,23279.55517852521
94,2017-04-05,00:00:00.000,95,16684.1,-6968.4,-14670.8,0.1,23284.118278560603
95,2017-04-06,00:00:00.000,96,16680.5,-6967.9,-14672.3,0.1,23282.33446091693
96,2017-04-07,00:00:00.000,97,16674.8,-6967.6,-14671.6,0.1,23277.720063614477
97,2017-04-08,00:00:00.000,98,16651.5,-6973.7,-14675.1,0.0,23265.070469482787
98,2017-04-09,00:00:00.000,99,16663.0,-6972.9,-14670.5,0.0,23270.16273385298
99,2017-04-10,00:00:00.000,100,16681.6,-6967.7,-14672.6,-0.1,23283.25176194253
100,2017-04-11,00:00:00.000,101,16686.3,-6968.9,-14671.7,-0.1,23286.411397851753
101,2017-04-12,00:00:00.000,102,16679.6,-6969.9,-14669.9,-0.1,23280.775935951962
102,2017-04-13,00:00:00.000,103,16679.5,-6968.1,-14672.5,-0.1,23281.803927316287
103,2017-04-14,00:00:00.000,104,16679.4,-6967.8,-14674.8,-0.2,23283.092067850437
104,2017-04-15,00:00:00.000,105,16646.7,-6961.8,-14676.2,-0.2,23258.76451082473
105,2017-04-16,00:00:00.000,106,16682.1,-6967.8,-14672.7,-0.2,23283.702938750957
106,2017-04-17,00:00:00.000,107,16682.2,-6968.7,-14673.9,-0.2,23284.800143870678
107,2017-04-18,00:00:00.000,108,16684.4,-6967.7,-14674.4,-0.3,23286.392206823282
108,2017-04-19,00:00:00.000,109,16681.7,-6969.3,-14679.4,-0.2,23288.08797947998
109,2017-04-20,00:00:00.000,110,16696.1,-6964.5,-14674.0,-0.1,23293.567598373593
110,2017-04-21,00:00:00.000,111,16666.0,-6967.6,-14675.7,-0.1,23274.002153690715
111,2017-04-22,00:00:00.000,112,16645.9,-6970.1,-14676.4,-0.2,23260.80389367487
112,2017-04-23,00:00:00.000,113,16628.2,-6980.5,-14679.8,-0.1,23253.407138094837
113,2017-04-24,00:00:00.000,114,16636.8,-6969.1,-14679.9,-0.1,23256.20203429614
114,2017-04-25,00:00:00.000,115,16672.2,-6968.6,-14670.6,0.0,23275.52669994817
115,2017-04-26,00:00:00.000,116,16647.7,-6966.0,-14680.0,0.0,23263.135456984295
116,2017-04-27,00:00:00.000,117,16668.8,-6966.4,-14675.1,0.0,23275.26976019827
117,2017-04-28,00:00:00.000,118,16665.8,-6968.6,-14677.2,0.0,23275.104198263
118,2017-04-29,00:00:00.000,119,16641.9,-6968.2,-14681.4,0.0,23260.52778442484
119,2017-04-30,00:00:00.000,120,16657.8,-6964.1,-14678.0,0.0,23268.533981538243
120,2017-05-01,00:00:00.000,121,16679.5,-6969.5,-14676.4,0.0,23284.68096109543
121,2017-05-02,00:00:00.000,122,16682.8,-6967.7,-14676.9,0.0,23286.82143917456
122,2017-05-03,00:00:00.000,123,16682.4,-6969.9,-14677.8,0.0,23287.760489364366
123,2017-05-04,00:00:00.000,124,16688.5,-6968.0,-14677.5,0.0,23291.373134703757
124,2017-05-05,00:00:00.000,125,16672.0,-6969.0,-14682.4,-0.1,23282.942570903706
125,2017-05-06,00:00:00.000,126,16690.2,-6967.6,-14677.4,-0.1,23292.40856073068
126,2017-05-07,00:00:00.000,127,16692.8,-6969.3,-14676.7,0.0,23294.339166844806
127,2017-05-08,00:00:00.000,128,16664.5,-6968.6,-14679.4,0.0,23275.56080033304
128,2017-05-09,00:00:00.000,129,16674.2,-6970.0,-14678.4,0.0,23282.295251972046
129,2017-05-10,00:00:00.000,130,16682.2,-6966.5,-14681.3,0.0,23288.80608318082
130,2017-05-11,00:00:00.000,131,16688.5,-6968.6,-14680.0,0.0,23293.128132777703
131,2017-05-12,00:00:00.000,132,16696.8,-6970.0,-14678.2,0.2,23298.360145726994
132,2017-05-13,00:00:00.000,133,16681.7,-6967.7,-14680.0,0.1,23287.98742227417
133,2017-05-14,00:00:00.000,134,16691.2,-6969.7,-14678.5,0.1,23294.446500829334
134,2017-05-15,00:00:00.000,135,16690.1,-6969.2,-14679.4,0.0,23294.075877999538
135,2017-05-16,00:00:00.000,136,16683.5,-6968.1,-14680.4,0.1,23289.64864526728
136,2017-05-17,00:00:00.000,137,16676.2,-6969.6,-14682.2,0.1,23286.003681181537
137,2017-05-18,00:00:00.000,138,16671.8,-6969.1,-14683.2,0.2,23283.333788141248
138,2017-05-19,00:00:00.000,139,16679.8,-6968.4,-14682.3,0.2,23288.285894200115
139,2017-05-20,00:00:00.000,140,16669.3,-6969.9,-14678.2,0.2,23278.630194665664
140,2017-05-21,00:00:00.000,141,16664.5,-6967.4,-14682.5,0.2,23277.156812205394
141,2017-05-22,00:00:00.000,142,16648.2,-6964.4,-14684.0,0.2,23265.538605413803
142,2017-05-23,00:00:00.000,143,16655.7,-6965.9,-14683.8,0.2,23271.22875440831
143,2017-05-24,00:00:00.000,144,16657.4,-6965.6,-14685.2,0.1,23273.239077532806
144,2017-05-25,00:00:00.000,145,16666.2,-6964.2,-14684.3,0.2,23278.551728361454
145,2017-05-26,00:00:00.000,146,16668.7,-6965.8,-14685.2,0.2,23281.388024986827
146,2017-05-27,00:00:00.000,147,16669.0,-6965.1,-14685.2,0.3,23281.39338720945
147,2017-05-28,00:00:00.000,148,16593.0,-6965.7,-14700.6,0.1,23236.959049109675
148,2017-05-29,00:00:00.000,149,16641.7,-6962.8,-14686.6,0.2,23262.050259811578
149,2017-05-30,00:00:00.000,150,16648.3,-6964.0,-14687.2,0.1,23267.510239172563
150,2017-05-31,00:00:00.000,151,16656.7,-6963.0,-14689.1,0.2,23274.421210848617
151,2017-06-01,00:00:00.000,152,16673.1,-6965.6,-14686.1,0.3,23285.046278244754
152,2017-06-02,00:00:00.000,153,16667.8,-6964.3,-14688.6,0.3,23282.439762404625
153,2017-06-03,00:00:00.000,154,16674.1,-6967.8,-14687.1,0.3,23287.051210060923
154,2017-06-04,00:00:00.000,155,16661.1,-6965.4,-14689.2,0.3,23278.35146675984
155,2017-06-05,00:00:00.000,156,16672.8,-6965.6,-14687.3,0.3,23285.58834322208
156,2017-06-06,00:00:00.000,157,16671.4,-6966.6,-14687.9,-0.1,23285.263578710033
157,2017-06-07,00:00:00.000,158,16674.1,-6967.9,-14689.2,0.0,23288.405653028287
158,2017-06-08,00:00:00.000,159,16676.9,-6969.0,-14685.8,-0.1,23288.59541170313
159,2017-06-09,00:00:00.000,160,16679.4,-6966.7,-14685.6,-0.1,23289.5714990637
160,2017-06-10,00:00:00.000,161,16673.4,-6967.2,-14688.3,0.0,23287.127351607796
161,2017-06-11,00:00:00.000,162,16676.9,-6967.6,-14688.9,0.1,23290.131527752266
162,2017-06-12,00:00:00.000,163,16662.3,-6968.5,-14690.0,0.0,23280.64289361443
163,2017-06-13,00:00:00.000,164,16666.0,-6966.3,-14689.4,0.1,23282.2542733731
164,2017-06-14,00:00:00.000,165,16670.9,-6966.0,-14689.9,0.0,23285.987735546027
165,2017-06-15,00:00:00.000,166,16672.2,-6966.8,-14690.2,-0.1,23287.34701764029
166,2017-06-16,00:00:00.000,167,16680.1,-6967.8,-14690.0,0.0,23293.176529833792
167,2017-06-17,00:00:00.000,168,16625.2,-6958.8,-14700.5,0.0,23257.834652649846
168,2017-06-18,00:00:00.000,169,16652.7,-6974.6,-14689.2,0.0,23275.095254155247
169,2017-06-19,00:00:00.000,170,16656.6,-6965.5,-14693.9,0.0,23278.127309128628
170,2017-06-20,00:00:00.000,171,16662.2,-6966.7,-14693.0,0.1,23281.925752179523
171,2017-06-21,00:00:00.000,172,16668.7,-6966.1,-14692.1,0.1,23285.830698302347
172,2017-06-22,00:00:00.000,173,16639.4,-6965.8,-14695.3,0.1,23266.797031177284
173,2017-06-23,00:00:00.000,174,16683.1,-6969.1,-14691.3,0.1,23296.53356424513
174,2017-06-24,00:00:00.000,175,16668.0,-6964.9,-14693.5,0.1,23285.854037591147
175,2017-06-25,00:00:00.000,176,16649.4,-6966.8,-14696.3,0.1,23274.88037112114
176,2017-06-26,00:00:00.000,177,16660.2,-6967.2,-14693.4,0.1,23280.896534283213
177,2017-06-27,00:00:00.000,178,16660.5,-6965.8,-14695.1,0.1,23281.76526597586
178,2017-06-28,00:00:00.000,179,16670.9,-6965.3,-14693.5,0.1,23288.049578056125
179,2017-06-29,00:00:00.000,180,16673.7,-6967.6,-14693.3,0.2,23290.615842866842
180,2017-06-30,00:00:00.000,181,16670.5,-6965.7,-14693.4,0.1,23287.819784170435
181,2017-07-01,00:00:00.000,182,16673.5,-6966.3,-14695.8,0.1,23291.661073869334
182,2017-07-02,00:00:00.000,183,16676.0,-6971.4,-14691.5,0.1,23292.264085099156
183,2017-07-03,00:00:00.000,184,16667.9,-6967.2,-14695.8,0.1,23287.92184566927
184,2017-07-04,00:00:00.000,185,16666.4,-6967.3,-14694.6,0.1,23286.12091804902
185,2017-07-05,00:00:00.000,186,16666.1,-6966.8,-14695.3,0.0,23286.19834880739
186,2017-07-06,00:00:00.000,187,16671.8,-6966.1,-14695.6,0.1,23290.258131029805
187,2017-07-07,00:00:00.000,188,16648.1,-6965.0,-14696.9,0.1,23273.790585549228
188,2017-07-08,00:00:00.000,189,16669.6,-6967.1,-14695.7,0.1,23289.04560217099
189,2017-07-09,00:00:00.000,190,16674.0,-6967.0,-14695.9,0.1,23292.29146756497
190,2017-07-10,00:00:00.000,191,16642.3,-6964.7,-14696.9,0.0,23269.55231606315
191,2017-07-11,00:00:00.000,192,16663.3,-6966.5,-14699.0,-0.1,23286.440048663513
192,2017-07-12,00:00:00.000,193,16655.2,-6967.5,-14698.7,0.0,23280.754390268372
193,2017-07-13,00:00:00.000,194,16665.1,-6967.0,-14698.6,0.0,23287.62523251351
194,2017-07-14,00:00:00.000,195,16665.8,-6966.1,-14698.9,-0.1,23288.04629117694
195,2017-07-15,00:00:00.000,196,16674.7,-6968.5,-14698.5,-0.1,23294.881725177314
196,2017-07-16,00:00:00.000,197,16669.3,-6968.7,-14699.5,0.0,23291.70758939756
197,2017-07-17,00:00:00.000,198,16611.2,-6963.5,-14701.6,-0.2,23249.932048287796
198,2017-07-18,00:00:00.000,199,16633.1,-6967.6,-14701.5,-0.1,23266.748110124885
199,2017-07-19,00:00:00.000,200,16637.2,-6962.7,-14702.7,-0.1,23268.970807064074
200,2017-07-20,00:00:00.000,201,16658.9,-6966.3,-14701.6,-0.1,23284.873361476544
201,2017-07-21,00:00:00.000,202,16654.4,-6963.4,-14702.0,-0.1,23281.039128870518
202,2017-07-22,00:00:00.000,203,16650.5,-6969.0,-14698.7,-0.1,23277.84124312218
203,2017-07-23,00:00:00.000,204,16639.3,-6971.5,-14701.9,-0.1,23272.601495105784
204,2017-07-24,00:00:00.000,205,16655.5,-6969.9,-14700.4,-0.2,23282.76071302542
205,2017-07-25,00:00:00.000,206,16644.4,-6962.4,-14706.3,-0.1,23276.30393361455
206,2017-07-26,00:00:00.000,207,16638.4,-6960.6,-14707.4,-0.2,23272.170540798295
207,2017-07-27,00:00:00.000,208,16650.3,-6963.5,-14704.6,-0.2,23279.778424632826
208,2017-07-28,00:00:00.000,209,16654.1,-6965.1,-14702.8,-0.3,23281.838257749318
209,2017-07-29,00:00:00.000,210,16654.1,-6964.3,-14702.2,-0.2,23281.22003117534
210,2017-07-30,00:00:00.000,211,16653.3,-6963.2,-14705.4,-0.1,23282.33975119339
211,2017-07-31,00:00:00.000,212,16659.7,-6965.5,-14703.7,-0.2,23286.532331586
212,2017-08-01,00:00:00.000,213,16662.3,-6965.5,-14705.0,-0.2,23289.213308740163
213,2017-08-02,00:00:00.000,214,16664.3,-6965.2,-14704.8,-0.1,23290.42826076841
214,2017-08-03,00:00:00.000,215,16660.4,-6964.2,-14706.1,-0.1,23288.159802998605
215,2017-08-04,00:00:00.000,216,16653.6,-6971.9,-14702.7,-0.2,23283.452704871757
216,2017-08-05,00:00:00.000,217,16633.5,-6964.8,-14710.8,-0.2,23272.073348328897
217,2017-08-06,00:00:00.000,218,16650.5,-6964.6,-14706.2,-0.2,23281.26117395705
218,2017-08-07,00:00:00.000,219,16645.5,-6965.0,-14706.8,-0.2,23278.18423954068
219,2017-08-08,00:00:00.000,220,16651.1,-6963.6,-14708.2,-0.2,23282.654561067557
220,2017-08-09,00:00:00.000,221,16655.7,-6963.9,-14707.8,-0.2,23285.7816390174
221,2017-08-10,00:00:00.000,222,16657.4,-6964.2,-14707.3,-0.2,23286.771560051
222,2017-08-11,00:00:00.000,223,16654.3,-6963.0,-14708.8,-0.2,23285.14279385033
223,2017-08-12,00:00:00.000,224,16668.6,-6964.9,-14705.6,-0.2,23293.920437101177
224,2017-08-13,00:00:00.000,225,16642.0,-6973.6,-14706.4,-0.2,23278.00382163385
225,2017-08-14,00:00:00.000,226,16651.7,-6965.4,-14709.5,-0.2,23284.443310931874
226,2017-08-15,00:00:00.000,227,16655.3,-6965.2,-14708.1,-0.2,23286.07383695242
227,2017-08-16,00:00:00.000,228,16667.1,-6968.2,-14707.4,-0.3,23294.970453082784
228,2017-08-17,00:00:00.000,229,16651.5,-6966.1,-14708.6,-0.3,23283.94114878321
229,2017-08-18,00:00:00.000,230,16629.6,-6961.9,-14710.8,-0.2,23268.41817593108
230,2017-08-19,00:00:00.000,231,16630.0,-6964.1,-14712.9,-0.2,23270.690046064385
231,2017-08-20,00:00:00.000,232,16616.3,-6962.9,-14717.4,-0.2,23263.388937555937
232,2017-08-21,00:00:00.000,233,16633.2,-6962.4,-14713.7,-0.2,23272.974104957022
233,2017-08-22,00:00:00.000,234,16641.5,-6960.4,-14714.9,-0.2,23279.067258376137
234,2017-08-23,00:00:00.000,235,16627.3,-6956.8,-14716.5,-0.2,23268.853512367128
235,2017-08-24,00:00:00.000,236,16607.4,-6960.2,-14714.1,-0.2,23254.13635485094
236,2017-08-25,00:00:00.000,237,16637.3,-6962.2,-14714.4,-0.1,23276.287235940355
237,2017-08-26,00:00:00.000,238,16642.2,-6962.1,-14712.7,-0.1,23278.685498541367
238,2017-08-27,00:00:00.000,239,16644.8,-6963.6,-14713.5,-0.1,23281.498539612952
239,2017-08-28,00:00:00.000,240,16614.0,-6959.5,-14714.1,-0.1,23258.640868718016
240,2017-08-29,00:00:00.000,241,16642.9,-6962.4,-14715.1,-0.2,23280.79255910331
241,2017-08-30,00:00:00.000,242,16639.1,-6963.3,-14714.6,-0.2,23278.029316503576
242,2017-08-31,00:00:00.000,243,16653.6,-6963.6,-14714.1,-0.2,23288.16988794955
243,2017-09-01,00:00:00.000,244,16616.6,-6962.3,-14715.2,-0.2,23262.031895129025
244,2017-09-02,00:00:00.000,245,16632.4,-6962.1,-14716.4,-0.2,23274.01974584537
245,2017-09-03,00:00:00.000,246,16638.3,-6964.2,-14714.4,-0.2,23277.60030351067
246,2017-09-04,00:00:00.000,247,16630.9,-6961.4,-14720.5,-0.2,23275.33125478561
247,2017-09-05,00:00:00.000,248,16613.8,-6964.8,-14717.0,-0.2,23261.919062708475
248,2017-09-06,00:00:00.000,249,16644.1,-6960.9,-14716.6,-0.2,23282.15001197269
249,2017-09-07,00:00:00.000,250,16673.2,-6959.1,-14710.2,-0.2,23298.383100335526
250,2017-09-08,00:00:00.000,251,16532.3,-6966.1,-14731.3,-0.3,23213.243896319185
251,2017-09-09,00:00:00.000,252,16561.7,-6956.7,-14719.8,-0.4,23224.0843483656
252,2017-09-10,00:00:00.000,253,16598.9,-6958.1,-14722.0,-0.3,23252.439029486777
253,2017-09-11,00:00:00.000,254,16609.6,-6956.9,-14722.5,-0.3,23260.036027917067
254,2017-09-12,00:00:00.000,255,16623.7,-6962.7,-14720.1,-0.3,23270.323095952062
255,2017-09-13,00:00:00.000,256,16574.2,-6956.0,-14734.9,-0.3,23242.36045779344
256,2017-09-14,00:00:00.000,257,16621.1,-6959.1,-14723.9,-0.4,23269.793063755424
257,2017-09-15,00:00:00.000,258,16585.2,-6959.1,-14725.3,-0.4,23245.050912828738
258,2017-09-16,00:00:00.000,259,16612.7,-6959.5,-14724.0,-0.4,23263.976821257365
259,2017-09-17,00:00:00.000,260,16632.0,-6962.5,-14716.7,-0.3,23274.04324864934
260,2017-09-18,00:00:00.000,261,16617.7,-6959.6,-14723.7,-0.4,23267.387630329282
261,2017-09-19,00:00:00.000,262,16631.1,-6962.7,-14720.5,-0.2,23275.863007630887
262,2017-09-20,00:00:00.000,263,16623.2,-6957.7,-14719.5,-0.2,23268.09076353279
263,2017-09-21,00:00:00.000,264,16635.4,-6960.5,-14722.9,-0.3,23279.79548492641
264,2017-09-22,00:00:00.000,265,16623.7,-6957.6,-14722.4,-0.3,23270.252710488556
265,2017-09-23,00:00:00.000,266,16625.0,-6958.2,-14722.2,-0.4,23271.23428355273
266,2017-09-24,00:00:00.000,267,16632.5,-6958.3,-14723.9,-0.4,23277.698046628233
267,2017-09-25,00:00:00.000,268,16619.5,-6959.4,-14727.3,-0.3,23270.89155790985
268,2017-09-26,00:00:00.000,269,16639.9,-6960.9,-14722.9,-0.4,23283.130915536254
269,2017-09-27,00:00:00.000,270,16659.3,-6961.8,-14720.5,-0.3,23295.75188698575
270,2017-09-28,00:00:00.000,271,16581.5,-6951.3,-14728.1,-0.4,23241.851121414576
271,2017-09-29,00:00:00.000,272,16598.2,-6959.8,-14728.5,-0.4,23256.564052542242
272,2017-09-30,00:00:00.000,273,16616.0,-6959.5,-14724.8,-0.3,23266.839735769874
273,2017-10-01,00:00:00.000,274,16606.4,-6961.4,-14725.8,-0.3,23261.18648220679
274,2017-10-02,00:00:00.000,275,16617.3,-6958.5,-14725.4,-0.3,23267.848776799285
275,2017-10-03,00:00:00.000,276,16627.5,-6957.7,-14726.7,-0.3,23275.717785494824
276,2017-10-04,00:00:00.000,277,16621.2,-6959.5,-14726.9,-0.4,23271.882461459794
277,2017-10-05,00:00:00.000,278,16624.1,-6958.9,-14724.9,-0.3,23272.508889889803
278,2017-10-06,00:00:00.000,279,16626.7,-6956.5,-14730.1,-0.4,23276.939041678143
279,2017-10-07,00:00:00.000,280,16625.9,-6956.1,-14727.4,-0.3,23274.539496625923
280,2017-10-08,00:00:00.000,281,16640.4,-6957.5,-14726.1,-0.2,23284.495691768803
281,2017-10-09,00:00:00.000,282,16636.7,-6957.9,-14727.3,-0.3,23282.73017904043
282,2017-10-10,00:00:00.000,283,16643.1,-6959.0,-14726.5,-0.3,23287.126505002714
283,2017-10-11,00:00:00.000,284,16614.5,-6955.3,-14734.9,-0.2,23270.90643593412
284,2017-10-12,00:00:00.000,285,16585.5,-6955.5,-14735.1,-0.3,23250.397039835687
285,2017-10-13,00:00:00.000,286,16613.7,-6962.2,-14726.4,-0.3,23267.01771800589
286,2017-10-14,00:00:00.000,287,16567.6,-6963.9,-14735.1,-0.3,23240.1472667451
287,2017-10-15,00:00:00.000,288,16616.3,-6959.8,-14729.3,-0.3,23269.99183970635
288,2017-10-16,00:00:00.000,289,16614.6,-6955.2,-14731.7,-0.2,23268.921872102284
289,2017-10-17,00:00:00.000,290,16618.5,-6954.3,-14734.5,-0.2,23273.210371369052
290,2017-10-18,00:00:00.000,291,16624.2,-6954.2,-14732.9,-0.1,23276.238220339645
291,2017-10-19,00:00:00.000,292,16622.5,-6954.5,-14732.1,-0.1,23274.60734169322
292,2017-10-20,00:00:00.000,293,16611.5,-6955.1,-14733.7,-0.2,23267.944987686387
293,2017-10-21,00:00:00.000,294,16624.0,-6956.7,-14732.5,-0.2,23276.58925057535
294,2017-10-22,00:00:00.000,295,16625.6,-6965.1,-14729.8,-0.2,23278.535207568366
295,2017-10-23,00:00:00.000,296,16634.4,-6956.0,-14734.0,-0.2,23284.758005184423
296,2017-10-24,00:00:00.000,297,16631.5,-6956.5,-14733.6,-0.1,23282.58262006172
297,2017-10-25,00:00:00.000,298,16614.6,-6957.7,-14732.6,-0.1,23270.239044969006
298,2017-10-26,00:00:00.000,299,16615.9,-6958.8,-14734.0,-0.1,23272.38247902436
299,2017-10-27,00:00:00.000,300,16611.0,-6956.9,-14735.5,-0.2,23269.26597166314
300,2017-10-28,00:00:00.000,301,16621.5,-6958.7,-14735.2,-0.2,23277.110795371493
301,2017-10-29,00:00:00.000,302,16624.9,-6957.0,-14735.4,-0.2,23279.15724784727
302,2017-10-30,00:00:00.000,303,16629.8,-6957.2,-14734.8,-0.2,23282.336887005134
303,2017-10-31,00:00:00.000,304,16630.0,-6958.8,-14735.6,-0.2,23283.46419242635
304,2017-11-01,00:00:00.000,305,16635.5,-6956.9,-14736.1,-0.2,23287.141539270124
305,2017-11-02,00:00:00.000,306,16629.9,-6959.0,-14738.3,-0.2,23285.16141022003
306,2017-11-03,00:00:00.000,307,16596.9,-6962.6,-14742.5,-0.2,23265.34320873002
307,2017-11-04,00:00:00.000,308,16620.4,-6957.1,-14737.5,-0.2,23277.303168966977
308,2017-11-05,00:00:00.000,309,16629.7,-6955.5,-14737.0,-0.3,23283.14994454144
309,2017-11-06,00:00:00.000,310,16630.6,-6956.8,-14737.2,-0.3,23284.307729455908
310,2017-11-07,00:00:00.000,311,16645.1,-6954.4,-14737.1,-0.2,23293.88653230714
311,2017-11-08,00:00:00.000,312,16582.9,-6957.5,-14736.1,-0.2,23249.774662778993
312,2017-11-09,00:00:00.000,313,16579.0,-6950.8,-14745.8,-0.3,23251.1393114402
313,2017-11-10,00:00:00.000,314,16606.9,-6949.9,-14740.9,0.0,23267.66791988402
315,2017-11-12,00:00:00.000,316,16614.0,-6951.1,-14742.5,99999.0,23274.107790847753
316,2017-11-13,00:00:00.000,317,16622.8,-6954.4,-14740.2,0.2,23279.91957116691
317,2017-11-14,00:00:00.000,318,16621.2,-6955.4,-14742.8,0.1,23280.722292059585
318,2017-11-15,00:00:00.000,319,16597.5,-6949.1,-14743.0,0.0,23262.051630498972
319,2017-11-16,00:00:00.000,320,16630.7,-6951.1,-14741.3,0.0,23285.27215623644
320,2017-11-17,00:00:00.000,321,16620.4,-6956.8,-14741.0,0.0,23279.429619301245
321,2017-11-18,00:00:00.000,322,16622.6,-6953.8,-14742.9,0.0,23281.30721437265
322,2017-11-19,00:00:00.000,323,16628.8,-6950.5,-14743.3,0.0,23285.002353016844
323,2017-11-20,00:00:00.000,324,16633.3,-6954.1,-14743.3,0.1,23289.290899252384
324,2017-11-21,00:00:00.000,325,16602.0,-6959.4,-14751.7,0.0,23273.854542168126
325,2017-11-22,00:00:00.000,326,16614.1,-6952.0,-14744.8,0.1,23275.904920109977
326,2017-11-23,00:00:00.000,327,16613.2,-6952.6,-14742.3,0.0,23273.858087777367
327,2017-11-24,00:00:00.000,328,16618.3,-6954.2,-14744.5,0.0,23279.37011132389
328,2017-11-25,00:00:00.000,329,16605.7,-6951.9,-14745.3,0.0,23270.196780216538
329,2017-11-26,00:00:00.000,330,16628.0,-6952.9,-14744.8,0.0,23286.097342620553
330,2017-11-27,00:00:00.000,331,16632.9,-6952.1,-14745.8,0.0,23289.99086431766
331,2017-11-28,00:00:00.000,332,16635.8,-6952.6,-14746.1,0.0,23292.401198888878
332,2017-11-29,00:00:00.000,333,16635.1,-6952.4,-14747.1,0.0,23292.474668441737
333,2017-11-30,00:00:00.000,334,16626.2,-6945.7,-14748.9,0.0,23285.259846950386
334,2017-12-01,00:00:00.000,335,16624.6,-6950.3,-14746.2,0.1,23283.779969970514
335,2017-12-02,00:00:00.000,336,16629.3,-6954.5,-14746.2,0.0,23288.389879508628
336,2017-12-03,00:00:00.000,337,16623.8,-6952.9,-14747.4,0.1,23284.74504069134
337,2017-12-04,00:00:00.000,338,16631.7,-6954.5,-14747.6,0.0,23290.990122792122
338,2017-12-05,00:00:00.000,339,16597.3,-6944.0,-14744.9,-0.1,23261.59021434261
339,2017-12-06,00:00:00.000,340,16600.1,-6948.1,-14748.6,-0.1,23267.157445205892
340,2017-12-07,00:00:00.000,341,16611.7,-6951.8,-14749.1,-0.2,23276.856551948764
341,2017-12-08,00:00:00.000,342,16608.7,-6952.9,-14749.0,0.0,23274.98088291374
342,2017-12-09,00:00:00.000,343,16616.9,-6956.2,-14749.9,-0.1,23282.388925108182
343,2017-12-10,00:00:00.000,344,16632.9,-6953.2,-14747.9,-0.1,23291.64886949827
344,2017-12-11,00:00:00.000,345,16625.1,-6956.1,-14749.6,-0.1,23288.022186952672
345,2017-12-12,00:00:00.000,346,16628.0,-6951.4,-14751.3,-0.1,23289.765942361893
346,2017-12-13,00:00:00.000,347,16615.3,-6947.1,-14749.1,-0.1,23278.02275344708
347,2017-12-14,00:00:00.000,348,16616.8,-6954.4,-14750.0,-0.1,23281.843174456782
348,2017-12-15,00:00:00.000,349,16627.2,-6951.6,-14750.4,-0.1,23288.6844317149
349,2017-12-16,00:00:00.000,350,16630.9,-6953.2,-14748.9,-0.1,23290.853918652276
350,2017-12-17,00:00:00.000,351,16641.6,-6948.5,-14751.1,-0.1,23298.48608858524
351,2017-12-18,00:00:00.000,352,16598.8,-6945.1,-14755.5,-0.2,23269.70897325534
352,2017-12-19,00:00:00.000,353,16622.4,-6951.4,-14748.5,-0.2,23283.99441612199
353,2017-12-20,00:00:00.000,354,16603.5,-6953.7,-14751.2,-0.2,23272.903930966586
354,2017-12-21,00:00:00.000,355,16623.3,-6952.0,-14752.4,-0.2,23287.286502510335
355,2017-12-22,00:00:00.000,356,16622.1,-6953.4,-14752.2,-0.2,23286.721212098535
356,2017-12-23,00:00:00.000,357,16632.5,-6952.3,-14752.2,-0.1,23293.81755702573
357,2017-12-24,00:00:00.000,358,16630.5,-6950.5,-14751.3,-0.2,23291.28232171857
358,2017-12-25,00:00:00.000,359,16601.0,-6953.0,-14753.1,-0.2,23272.115709793125
359,2017-12-26,00:00:00.000,360,16584.8,-6951.2,-14757.7,-0.2,23262.942242330395
360,2017-12-27,00:00:00.000,361,16611.1,-6951.8,-14756.0,-0.3,23280.801155673318
361,2017-12-28,00:00:00.000,362,16620.5,-6946.5,-14754.5,-0.2,23284.976975509337
362,2017-12-29,00:00:00.000,363,16620.1,-6955.1,-14754.3,-0.2,23287.13182231766
363,2017-12-30,00:00:00.000,364,16628.6,-6952.0,-14753.8,-0.1,23291.956903618036
364,2017-12-31,00:00:00.000,365,16620.1,-6952.3,-14755.8,-0.1,23287.246143329183
365,2018-01-01,00:00:00.000,1,16606.7,-6954.5,-14758.7,-0.1,23280.179999948454
366,2018-01-02,00:00:00.000,2,16611.0,-6953.9,-14756.9,0.0,23281.927407755567
367,2018-01-03,00:00:00.000,3,16624.2,-6950.3,-14756.8,-0.1,23290.209143972923
368,2018-01-04,00:00:00.000,4,16625.6,-6952.9,-14757.1,0.0,23292.17452665165
369,2018-01-05,00:00:00.000,5,16620.4,-6950.9,-14757.9,0.0,23288.3730513748
370,2018-01-06,00:00:00.000,6,16632.4,-6949.4,-14757.3,0.0,23296.11112203065
371,2018-01-07,00:00:00.000,7,16624.8,-6950.8,-14758.7,0.1,23291.9904982378
372,2018-01-08,00:00:00.000,8,16639.0,-6951.6,-14757.4,0.1,23301.54326047955
373,2018-01-09,00:00:00.000,9,16619.4,-6946.3,-14762.7,0.1,23289.329130312024
374,2018-01-10,00:00:00.000,10,16617.1,-6951.7,-14761.3,0.2,23288.411774743246
375,2018-01-11,00:00:00.000,11,16622.5,-6951.2,-14760.3,0.2,23291.482215179007
376,2018-01-12,00:00:00.000,12,16624.0,-6953.0,-14759.7,0.2,23292.709784179257
377,2018-01-13,00:00:00.000,13,16617.8,-6952.0,-14759.1,-0.1,23287.60643883351
378,2018-01-14,00:00:00.000,14,16629.9,-6945.4,-14760.5,-0.1,23295.16077257249
379,2018-01-15,00:00:00.000,15,16612.1,-6954.2,-14762.5,-0.1,23286.351588430505
380,2018-01-16,00:00:00.000,16,16614.8,-6952.2,-14761.1,-0.1,23286.793190347184
381,2018-01-17,00:00:00.000,17,16617.7,-6950.4,-14759.8,-0.1,23287.501143102494
382,2018-01-18,00:00:00.000,18,16622.1,-6954.3,-14760.0,-0.2,23291.932013038335
383,2018-01-19,00:00:00.000,19,16621.2,-6950.2,-14761.9,-0.2,23291.270061763484
384,2018-01-20,00:00:00.000,20,16608.1,-6950.5,-14764.1,-0.3,23283.40792646128
385,2018-01-21,00:00:00.000,21,16616.8,-6950.2,-14763.4,-0.2,23289.08117208577
386,2018-01-22,00:00:00.000,22,16625.1,-6954.3,-14757.3,-0.3,23292.362305914787
387,2018-01-23,00:00:00.000,23,16604.4,-6952.0,-14763.0,-0.2,23280.51916001875
388,2018-01-24,00:00:00.000,24,16613.9,-6951.4,-14763.0,-0.3,23287.116699368347
389,2018-01-25,00:00:00.000,25,16596.2,-6957.5,-14765.0,-0.4,23277.583330105383
390,2018-01-26,00:00:00.000,26,16599.4,-6947.6,-14768.1,-0.4,23278.874623357548
391,2018-01-27,00:00:00.000,27,16611.0,-6949.0,-14767.5,-0.4,23287.18485025616
392,2018-01-28,00:00:00.000,28,16610.9,-6950.0,-14766.4,-0.3,23286.714404784543
393,2018-01-29,00:00:00.000,29,16615.8,-6949.4,-14768.2,-0.3,23291.17217402336
394,2018-01-30,00:00:00.000,30,16617.8,-6951.0,-14764.5,-0.3,23290.7307332767
395,2018-01-31,00:00:00.000,31,16623.4,-6951.4,-14766.4,-0.4,23296.050276388058
396,2018-02-01,00:00:00.000,32,16597.7,-6947.8,-14767.8,-0.3,23277.531805799343
397,2018-02-02,00:00:00.000,33,16604.9,-6947.6,-14767.1,-0.3,23282.162532290684
398,2018-02-03,00:00:00.000,34,16620.6,-6951.8,-14766.9,-0.3,23294.488687455665
399,2018-02-04,00:00:00.000,35,16618.6,-6952.1,-14766.0,-0.3,23292.58071511184
400,2018-02-05,00:00:00.000,36,16618.8,-6948.6,-14767.3,-0.2,23292.503186433183
401,2018-02-06,00:00:00.000,37,16615.8,-6951.1,-14765.8,-0.2,23290.15780302916
402,2018-02-07,00:00:00.000,38,16612.6,-6951.6,-14767.7,-0.2,23289.228939791028
403,2018-02-08,00:00:00.000,39,16617.7,-6951.5,-14767.4,-0.1,23292.647086580775
404,2018-02-09,00:00:00.000,40,16612.8,-6950.0,-14769.0,-0.1,23289.718436254225
405,2018-02-10,00:00:00.000,41,16621.6,-6953.3,-14765.2,-0.1,23294.572296781927
406,2018-02-11,00:00:00.000,42,16609.0,-6952.9,-14767.8,-0.1,23287.112664518972
407,2018-02-12,00:00:00.000,43,16622.5,-6952.2,-14764.3,-0.1,23294.31573538918
408,2018-02-13,00:00:00.000,44,16627.8,-6949.3,-14766.6,-0.1,23298.690497321946
409,2018-02-14,00:00:00.000,45,16604.7,-6950.2,-14769.0,0.0,23284.001012068355
410,2018-02-15,00:00:00.000,46,16612.0,-6955.8,-14766.7,0.0,23289.420914440958
411,2018-02-16,00:00:00.000,47,16604.4,-6947.5,-14768.9,0.1,23282.917833038024
412,2018-02-17,00:00:00.000,48,16589.8,-6959.7,-14769.8,0.1,23276.723999953258
413,2018-02-18,00:00:00.000,49,16592.1,-6955.8,-14770.2,0.1,23277.45140882051
416,2018-02-21,00:00:00.000,52,16602.8,-6950.4,-14770.1,0.3,23283.40357443473
417,2018-02-22,00:00:00.000,53,16604.2,-6946.9,-14771.5,0.4,23284.24552138205
418,2018-02-23,00:00:00.000,54,16601.6,-6948.0,-14770.2,0.3,23281.89499589756
419,2018-02-24,00:00:00.000,55,16591.4,-6950.2,-14773.7,0.3,23277.50084717
420,2018-02-25,00:00:00.000,56,16597.4,-6953.4,-14770.8,0.3,23280.893259495006
421,2018-02-26,00:00:00.000,57,16599.1,-6953.2,-14769.9,0.3,23281.474546514444
422,2018-02-27,00:00:00.000,58,16583.2,-6961.8,-14768.8,0.2,23272.013985042206
423,2018-02-28,00:00:00.000,59,16591.6,-6950.9,-14773.0,0.3,23277.408154044984
424,2018-03-01,00:00:00.000,60,16596.1,-6949.3,-14771.9,0.3,23279.440184635023
425,2018-03-02,00:00:00.000,61,16588.6,-6948.3,-14772.2,0.2,23273.985814423795
426,2018-03-03,00:00:00.000,62,16600.9,-6952.0,-14772.4,0.2,23283.985624673453
427,2018-03-04,00:00:00.000,63,16596.5,-6954.0,-14770.4,0.2,23280.177069988105
428,2018-03-05,00:00:00.000,64,16603.0,-6948.7,-14772.2,0.3,23284.3710142662
429,2018-03-06,00:00:00.000,65,16601.5,-6949.2,-14774.1,0.2,23284.656185995103
430,2018-03-07,00:00:00.000,66,16608.6,-6951.1,-14772.6,0.2,23289.334381428765
431,2018-03-08,00:00:00.000,67,16612.1,-6952.4,-14770.3,0.2,23290.759847201207
432,2018-03-09,00:00:00.000,68,16608.5,-6951.8,-14773.3,0.2,23289.916023463888
433,2018-03-10,00:00:00.000,69,16588.9,-6946.4,-14783.1,0.3,23280.55243717382
434,2018-03-11,00:00:00.000,70,16605.2,-6950.6,-14773.3,0.3,23287.2046474024
435,2018-03-12,00:00:00.000,71,16605.3,-6949.8,-14772.0,0.3,23286.212490012196
436,2018-03-13,00:00:00.000,72,16609.0,-6951.0,-14773.3,0.3,23290.03381040912
437,2018-03-14,00:00:00.000,73,16609.5,-6950.2,-14773.2,0.2,23290.088203568488
438,2018-03-15,00:00:00.000,74,16564.1,-6948.6,-14778.5,0.2,23260.621509753346
439,2018-03-16,00:00:00.000,75,16586.7,-6955.4,-14773.3,0.2,23275.450563630344
440,2018-03-17,00:00:00.000,76,16579.7,-6960.8,-14768.1,0.1,23268.77664038228
442,2018-03-19,00:00:00.000,78,16548.2,-6946.8,-14778.0,0.1,23248.445915372493
443,2018-03-20,00:00:00.000,79,16578.8,-6948.8,-14777.3,0.2,23270.38947181589
444,2018-03-21,00:00:00.000,80,16581.2,-6949.2,-14776.8,0.1,23271.90134733301
445,2018-03-22,00:00:00.000,81,16590.5,-6948.3,-14776.3,0.2,23277.942452673946
446,2018-03-23,00:00:00.000,82,16571.5,-6943.1,-14779.9,0.1,23265.139025374425
447,2018-03-24,00:00:00.000,83,16586.7,-6952.9,-14779.7,0.2,23278.766449062547
448,2018-03-25,00:00:00.000,84,16557.5,-6951.6,-14780.7,0.2,23258.216640576724
449,2018-03-26,00:00:00.000,85,16590.5,-6948.3,-14778.1,0.2,23279.08509263197
450,2018-03-27,00:00:00.000,86,16585.8,-6951.4,-14778.7,0.2,23277.04227967978
451,2018-03-28,00:00:00.000,87,16591.1,-6953.2,-14778.0,0.2,23280.91221258308
452,2018-03-29,00:00:00.000,88,16599.0,-6952.9,-14777.6,0.3,23286.199371516166
453,2018-03-30,00:00:00.000,89,16599.3,-6951.5,-14778.7,0.3,23286.69333396221
454,2018-03-31,00:00:00.000,90,16605.3,-6951.6,-14779.1,0.3,23291.254312724337
455,2018-04-01,00:00:00.000,91,16602.1,-6950.1,-14779.2,0.3,23288.588773474446
456,2018-04-02,00:00:00.000,92,16600.2,-6950.0,-14779.1,0.3,23287.14101924064
457,2018-04-03,00:00:00.000,93,16593.4,-6950.1,-14781.3,0.4,23283.720563088707
458,2018-04-04,00:00:00.000,94,16604.2,-6950.3,-14778.1,0.3,23289.447553344842
459,2018-04-05,00:00:00.000,95,16596.2,-6951.7,-14780.4,0.3,23285.62242006857
460,2018-04-06,00:00:00.000,96,16597.7,-6951.2,-14780.2,0.3,23286.415326752205
461,2018-04-07,00:00:00.000,97,16601.0,-6950.7,-14780.4,0.3,23288.7452570979
462,2018-04-08,00:00:00.000,98,16600.8,-6951.6,-14780.6,0.4,23288.99825153499
463,2018-04-09,00:00:00.000,99,16596.8,-6951.1,-14780.9,0.3,23286.18831539417
464,2018-04-10,00:00:00.000,100,16587.3,-6948.4,-14780.3,0.3,23278.231288910247
465,2018-04-11,00:00:00.000,101,16559.9,-6956.3,-14784.6,0.3,23263.808692043527
466,2018-04-12,00:00:00.000,102,16579.3,-6954.2,-14782.9,0.3,23275.914988244822
467,2018-04-13,00:00:00.000,103,16575.2,-6954.0,-14782.8,0.2,23272.87147904186
468,2018-04-14,00:00:00.000,104,16593.5,-6951.9,-14779.5,0.3,23283.18655403508
469,2018-04-15,00:00:00.000,105,16581.9,-6949.5,-14781.5,0.3,23275.4742187995
470,2018-04-16,00:00:00.000,106,16583.4,-6951.4,-14784.1,0.4,23278.761357297342
471,2018-04-17,00:00:00.000,107,16589.3,-6951.5,-14783.9,0.3,23282.867648766976
472,2018-04-18,00:00:00.000,108,16593.6,-6950.3,-14783.5,0.2,23285.319480307757
473,2018-04-19,00:00:00.000,109,16589.9,-6950.0,-14783.4,0.3,23282.52987907457
474,2018-04-20,00:00:00.000,110,16603.8,-6952.1,-14783.8,0.3,23293.31688038438
475,2018-04-21,00:00:00.000,111,16563.1,-6956.8,-14780.3,0.3,23263.50394802984
476,2018-04-22,00:00:00.000,112,16568.8,-6950.2,-14787.3,0.3,23270.037704524675
477,2018-04-23,00:00:00.000,113,16566.9,-6949.6,-14788.8,0.3,23269.458979744246
478,2018-04-24,00:00:00.000,114,16570.2,-6949.3,-14787.4,0.3,23270.82932106202
479,2018-04-25,00:00:00.000,115,16579.6,-6951.9,-14787.9,0.3,23278.61757450386
480,2018-04-26,00:00:00.000,116,16581.5,-6954.0,-14786.1,0.2,23279.45470710171
481,2018-04-27,00:00:00.000,117,16582.0,-6951.1,-14788.3,0.3,23280.342181763568
482,2018-04-28,00:00:00.000,118,16587.4,-6951.3,-14786.1,0.3,23282.851278569815
483,2018-04-29,00:00:00.000,119,16590.7,-6950.9,-14786.7,0.3,23285.464010622592
484,2018-04-30,00:00:00.000,120,16591.8,-6951.1,-14786.4,0.3,23286.116967197428
485,2018-05-01,00:00:00.000,121,16592.2,-6952.4,-14787.8,0.3,23287.67904794293
486,2018-05-02,00:00:00.000,122,16595.8,-6952.7,-14787.6,0.3,23290.206712049596
487,2018-05-03,00:00:00.000,123,16595.2,-6952.0,-14786.8,0.2,23289.062267081514
488,2018-05-04,00:00:00.000,124,16591.2,-6950.5,-14787.9,0.3,23286.46289370715
489,2018-05-05,00:00:00.000,125,16589.0,-6952.3,-14789.2,0.2,23286.25845708151
490,2018-05-06,00:00:00.000,126,16537.8,-6958.9,-14784.3,0.1,23248.669736997857
491,2018-05-07,00:00:00.000,127,16550.8,-6949.6,-14794.3,0.2,23261.496798142634
492,2018-05-08,00:00:00.000,128,16557.1,-6951.3,-14793.2,0.2,23265.788152134453
493,2018-05-09,00:00:00.000,129,16571.5,-6953.1,-14789.7,0.2,23274.351504392125
494,2018-05-10,00:00:00.000,130,16565.9,-6946.3,-14791.4,0.2,23269.4142698092
495,2018-05-11,00:00:00.000,131,16561.7,-6947.1,-14792.8,0.2,23267.55331228447
496,2018-05-12,00:00:00.000,132,16564.5,-6951.3,-14788.8,0.2,23268.258150966092
497,2018-05-13,00:00:00.000,133,16571.7,-6951.1,-14791.5,0.3,23275.040372682495
498,2018-05-14,00:00:00.000,134,16574.6,-6949.7,-14792.6,0.3,23277.38623664607
499,2018-05-15,00:00:00.000,135,16578.4,-6949.3,-14791.7,0.3,23279.400893064238
500,2018-05-16,00:00:00.000,136,16577.8,-6951.4,-14790.3,0.3,23278.711065907406
501,2018-05-17,00:00:00.000,137,16576.5,-6954.4,-14792.1,0.3,23279.825042727447
502,2018-05-18,00:00:00.000,138,16562.4,-6955.2,-14788.7,0.3,23267.86514680709
503,2018-05-19,00:00:00.000,139,16581.0,-6950.8,-14793.1,0.4,23282.58983124515
504,2018-05-20,00:00:00.000,140,16580.5,-6950.7,-14793.0,0.4,23282.140359941135
505,2018-05-21,00:00:00.000,141,16581.8,-6950.3,-14793.4,0.3,23283.20091589642
506,2018-05-22,00:00:00.000,142,16585.0,-6951.3,-14792.6,0.2,23285.270267918302
507,2018-05-23,00:00:00.000,143,16583.0,-6951.7,-14795.2,0.0,23285.617125813955
508,2018-05-24,00:00:00.000,144,16576.0,-6950.6,-14794.7,0.0,23279.986349867133
509,2018-05-25,00:00:00.000,145,16584.8,-6952.7,-14793.8,0.1,23286.30813954844
510,2018-05-26,00:00:00.000,146,16584.0,-6951.1,-14794.1,0.1,23285.451295175706
511,2018-05-27,00:00:00.000,147,16590.3,-6951.8,-14794.2,0.1,23290.211054646974
512,2018-05-28,00:00:00.000,148,16587.7,-6951.2,-14794.5,0.1,23288.37055227351
513,2018-05-29,00:00:00.000,149,16593.5,-6953.3,-14794.0,0.1,23292.811318945594
514,2018-05-30,00:00:00.000,150,16581.5,-6951.1,-14795.6,0.2,23284.623957023658
515,2018-05-31,00:00:00.000,151,16587.3,-6951.3,-14795.9,0.2,23289.00491197509
516,2018-06-01,00:00:00.000,152,16563.9,-6953.1,-14798.8,0.2,23274.725868632697
517,2018-06-02,00:00:00.000,153,16556.5,-6951.0,-14797.9,0.2,23268.260305832922
518,2018-06-03,00:00:00.000,154,16563.8,-6948.6,-14797.7,0.1,23272.611320820877
519,2018-06-04,00:00:00.000,155,16561.5,-6950.8,-14798.7,0.2,23272.267284903723
520,2018-06-05,00:00:00.000,156,16573.1,-6949.8,-14797.4,0.1,23279.398841250175
521,2018-06-06,00:00:00.000,157,16572.3,-6950.5,-14798.3,0.0,23279.610401164362
522,2018-06-07,00:00:00.000,158,16539.1,-6950.2,-14800.2,0.1,23257.107061928404
523,2018-06-08,00:00:00.000,159,16578.3,-6949.9,-14797.7,0.1,23283.32163137382
524,2018-06-09,00:00:00.000,160,16575.8,-6950.5,-14799.3,0.2,23282.737733780363
525,2018-06-10,00:00:00.000,161,16580.3,-6950.6,-14799.8,0.1,23286.28928124874
526,2018-06-11,00:00:00.000,162,16570.6,-6950.2,-14800.5,0.1,23279.709290495877
527,2018-06-12,00:00:00.000,163,16575.8,-6951.2,-14799.5,0.1,23283.073837661555
528,2018-06-13,00:00:00.000,164,16579.9,-6949.9,-14798.9,0.1,23285.223538330054
529,2018-06-14,00:00:00.000,165,16568.1,-6953.8,-14799.8,0.1,23278.559923027882
530,2018-06-15,00:00:00.000,166,16582.0,-6951.5,-14800.2,0.2,23288.022592955374
531,2018-06-16,00:00:00.000,167,16581.8,-6950.3,-14800.4,0.1,23287.649119007267
532,2018-06-17,00:00:00.000,168,16580.1,-6950.3,-14800.0,0.2,23286.184447006337
533,2018-06-18,00:00:00.000,169,16588.7,-6953.9,-14798.2,0.2,23292.23939727565
534,2018-06-19,00:00:00.000,170,16556.7,-6948.9,-14805.4,0.1,23272.54595569638
535,2018-06-20,00:00:00.000,171,16568.1,-6949.7,-14803.1,0.1,23279.43378413659
536,2018-06-21,00:00:00.000,172,16568.5,-6951.1,-14803.6,0.3,23280.454386029498
537,2018-06-22,00:00:00.000,173,16578.1,-6949.7,-14802.8,0.2,23286.361191478587
538,2018-06-23,00:00:00.000,174,16570.8,-6951.7,-14805.6,0.2,23283.542189495136
539,2018-06-24,00:00:00.000,175,16544.9,-6947.7,-14805.0,0.1,23263.53963394221
540,2018-06-25,00:00:00.000,176,16564.3,-6948.3,-14801.7,0.1,23275.421162032708
541,2018-06-26,00:00:00.000,177,16506.7,-6945.4,-14809.7,0.0,23238.694888913193
542,2018-06-27,00:00:00.000,178,16553.4,-6949.2,-14806.0,0.0,23270.66969814148
543,2018-06-28,00:00:00.000,179,16554.9,-6952.3,-14804.8,0.1,23271.899199248866
544,2018-06-29,00:00:00.000,180,16560.1,-6948.6,-14805.3,0.0,23274.81175133324
545,2018-06-30,00:00:00.000,181,16566.3,-6948.1,-14806.4,0.1,23279.773844691877
546,2018-07-01,00:00:00.000,182,16569.2,-6948.2,-14805.9,0.0,23281.549490744812
547,2018-07-02,00:00:00.000,183,16573.0,-6949.3,-14805.9,0.1,23284.58233037475
548,2018-07-03,00:00:00.000,184,16576.5,-6950.2,-14805.4,0.1,23287.0243150558
549,2018-07-04,00:00:00.000,185,16582.4,-6952.2,-14805.4,0.0,23291.821392068076
550,2018-07-05,00:00:00.000,186,16580.0,-6951.9,-14805.7,0.0,23290.213955650986
551,2018-07-06,00:00:00.000,187,16555.9,-6961.6,-14802.1,0.1,23273.673190538706
552,2018-07-07,00:00:00.000,188,16567.4,-6948.9,-14807.4,0.1,23281.43141497103
553,2018-07-08,00:00:00.000,189,16566.7,-6949.4,-14807.6,0.1,23281.209741119557
554,2018-07-09,00:00:00.000,190,16573.8,-6949.7,-14806.5,0.1,23285.65263805161
555,2018-07-10,00:00:00.000,191,16577.9,-6951.6,-14806.5,0.0,23289.138095258055
556,2018-07-11,00:00:00.000,192,16574.1,-6948.0,-14808.3,0.1,23286.50346660056
557,2018-07-12,00:00:00.000,193,16573.7,-6948.7,-14807.4,0.1,23285.855323350268
558,2018-07-13,00:00:00.000,194,16571.2,-6949.2,-14809.0,0.1,23285.24277477046
559,2018-07-14,00:00:00.000,195,16565.6,-6950.9,-14808.4,0.1,23281.383651535834
560,2018-07-15,00:00:00.000,196,16568.0,-6948.5,-14809.7,0.1,23283.201891921995
561,2018-07-16,00:00:00.000,197,16567.5,-6948.9,-14811.2,0.2,23283.919620630888
562,2018-07-17,00:00:00.000,198,16567.9,-6950.5,-14809.5,0.1,23283.600471361813
563,2018-07-18,00:00:00.000,199,16555.7,-6947.4,-14812.7,0.0,23276.031675094448
564,2018-07-19,00:00:00.000,200,16567.4,-6949.5,-14810.0,0.1,23283.264225833973
565,2018-07-20,00:00:00.000,201,16563.5,-6950.1,-14813.4,0.1,23282.831482016958
566,2018-07-21,00:00:00.000,202,16561.8,-6952.7,-14812.3,0.1,23281.698559598266
567,2018-07-22,00:00:00.000,203,16550.5,-6948.1,-14816.6,0.1,23275.024799557144
568,2018-07-23,00:00:00.000,204,16563.0,-6949.9,-14812.9,0.0,23282.0979600207
569,2018-07-24,00:00:00.000,205,16568.3,-6950.2,-14812.6,0.0,23285.76740607876
570,2018-07-25,00:00:00.000,206,16554.3,-6948.1,-14813.9,0.0,23276.00857771796
571,2018-07-26,00:00:00.000,207,16556.7,-6947.2,-14813.3,0.0,23277.065098933756
572,2018-07-27,00:00:00.000,208,16564.3,-6948.4,-14811.5,-0.2,23281.684417155044
573,2018-07-28,00:00:00.000,209,16572.2,-6948.0,-14812.3,0.0,23287.695208628957
574,2018-07-29,00:00:00.000,210,16562.4,-6947.9,-14812.7,-0.1,23280.946919315804
575,2018-07-30,00:00:00.000,211,16552.8,-6948.2,-14815.1,-0.1,23275.73541459002
576,2018-07-31,00:00:00.000,212,16564.0,-6949.2,-14813.5,-0.1,23282.982173467382
577,2018-08-01,00:00:00.000,213,16557.3,-6952.1,-14816.6,-0.1,23281.054814161664
578,2018-08-02,00:00:00.000,214,16580.8,-6950.6,-14811.7,-0.1,23294.21013664125
579,2018-08-03,00:00:00.000,215,16574.0,-6947.9,-14814.5,-0.1,23290.345653510598
580,2018-08-04,00:00:00.000,216,16569.0,-6949.4,-14814.6,-0.1,23287.29899580456
581,2018-08-05,00:00:00.000,217,16569.0,-6948.0,-14815.0,0.0,23287.13571910466
582,2018-08-06,00:00:00.000,218,16563.0,-6946.3,-14815.8,0.0,23282.868859528455
583,2018-08-07,00:00:00.000,219,16576.5,-6949.0,-14815.5,0.0,23293.088964325878
584,2018-08-08,00:00:00.000,220,16569.2,-6947.5,-14816.8,0.0,23288.27402642798
585,2018-08-09,00:00:00.000,221,16564.6,-6947.7,-14817.9,0.0,23285.76107538682
586,2018-08-10,00:00:00.000,222,16562.7,-6947.4,-14817.7,0.0,23284.192735416018
587,2018-08-11,00:00:00.000,223,16568.0,-6947.2,-14817.8,0.0,23287.96703621851
588,2018-08-12,00:00:00.000,224,16551.3,-6944.7,-14819.8,0.0,23276.616202102916
589,2018-08-13,00:00:00.000,225,16560.9,-6946.3,-14819.3,0.0,23283.60249166782
590,2018-08-14,00:00:00.000,226,16566.1,-6947.8,-14816.5,0.1,23285.967154060832
591,2018-08-15,00:00:00.000,227,16573.9,-6947.3,-14818.1,0.2,23292.385582202613
592,2018-08-16,00:00:00.000,228,16528.5,-6941.6,-14823.5,0.0,23261.841609382518
593,2018-08-17,00:00:00.000,229,16549.1,-6944.4,-14821.6,0.1,23276.108539229663
594,2018-08-18,00:00:00.000,230,16538.9,-6942.8,-14825.5,0.1,23270.864515526708
595,2018-08-19,00:00:00.000,231,16543.7,-6945.1,-14823.3,0.1,23273.56110675803
596,2018-08-20,00:00:00.000,232,16538.8,-6941.1,-14829.3,0.1,23272.7074733474
597,2018-08-21,00:00:00.000,233,16553.1,-6949.8,-14820.1,0.2,23279.609181856984
598,2018-08-22,00:00:00.000,234,16554.7,-6945.9,-14823.1,0.1,23281.49291841054
599,2018-08-23,00:00:00.000,235,16556.9,-6952.9,-14818.7,0.1,23282.345794829183
600,2018-08-24,00:00:00.000,236,16557.0,-6948.1,-14822.8,0.1,23283.59384738533
601,2018-08-25,00:00:00.000,237,16558.1,-6946.5,-14823.9,0.0,23284.598967343198
602,2018-08-26,00:00:00.000,238,16461.0,-6940.4,-14837.4,-0.2,23222.44844799962
603,2018-08-27,00:00:00.000,239,16494.3,-6940.9,-14826.7,-0.1,23239.385925406892
604,2018-08-28,00:00:00.000,240,16513.7,-6942.4,-14827.7,0.0,23254.24461770367
605,2018-08-29,00:00:00.000,241,16524.9,-6942.6,-14828.3,0.0,23262.641631164766
606,2018-08-30,00:00:00.000,242,16525.7,-6943.6,-14827.8,0.0,23263.189684348963
607,2018-08-31,00:00:00.000,243,16532.2,-6946.9,-14827.9,0.0,23268.856329007664
608,2018-09-01,00:00:00.000,244,16540.1,-6943.4,-14828.1,-0.1,23273.55282676025
609,2018-09-02,00:00:00.000,245,16539.1,-6944.5,-14827.1,-0.1,23272.53324135557
610,2018-09-03,00:00:00.000,246,16546.5,-6945.7,-14827.8,-0.2,23278.5966840787
611,2018-09-04,00:00:00.000,247,16554.4,-6947.0,-14825.7,-0.2,23283.263277513317
612,2018-09-05,00:00:00.000,248,16513.3,-6947.0,-14832.5,-0.2,23258.39508951553
613,2018-09-06,00:00:00.000,249,16537.9,-6943.7,-14829.7,-0.2,23273.09837967433
614,2018-09-07,00:00:00.000,250,16563.1,-6943.4,-14828.2,0.0,23289.967806117722
615,2018-09-08,00:00:00.000,251,16544.3,-6943.8,-14829.0,-0.1,23277.230546824077
616,2018-09-09,00:00:00.000,252,16544.2,-6945.6,-14828.6,-0.1,23277.441675579386
617,2018-09-10,00:00:00.000,253,16545.2,-6944.0,-14829.9,0.0,23278.50323904009
618,2018-09-11,00:00:00.000,254,16506.6,-6932.3,-14826.8,-0.1,23245.615179857035
619,2018-09-12,00:00:00.000,255,16525.3,-6941.0,-14831.1,-0.1,23264.233241179474
620,2018-09-13,00:00:00.000,256,16551.5,-6948.9,-14822.1,-0.1,23279.476194064162
621,2018-09-14,00:00:00.000,257,16523.9,-6945.5,-14833.3,-0.1,23265.984405350227
622,2018-09-15,00:00:00.000,258,16530.0,-6944.7,-14830.7,-0.1,23268.421102000022
623,2018-09-16,00:00:00.000,259,16543.2,-6945.8,-14831.0,0.0,23278.31963179473
624,2018-09-17,00:00:00.000,260,16550.4,-6944.2,-14831.2,0.0,23283.087150118216
625,2018-09-18,00:00:00.000,261,16541.6,-6944.8,-14829.1,0.0,23275.673661786892
626,2018-09-19,00:00:00.000,262,16547.6,-6946.0,-14832.1,0.0,23282.20720142315
627,2018-09-20,00:00:00.000,263,16551.0,-6943.8,-14831.4,0.0,23283.521756813338
628,2018-09-21,00:00:00.000,264,16551.3,-6944.3,-14831.6,-0.1,23284.01152593771
629,2018-09-22,00:00:00.000,265,16513.0,-6953.2,-14837.0,-0.1,23262.90455295727
630,2018-09-23,00:00:00.000,266,16530.8,-6946.2,-14834.8,-0.1,23272.05049238249
631,2018-09-24,00:00:00.000,267,16524.9,-6944.8,-14836.6,-0.1,23268.58969963586
632,2018-09-25,00:00:00.000,268,16548.6,-6942.1,-14835.2,0.0,23283.729800227455
633,2018-09-26,00:00:00.000,269,16536.5,-6939.3,-14835.5,0.0,23274.487684802
634,2018-09-27,00:00:00.000,270,16544.3,-6942.6,-14833.8,0.0,23279.930835163577
635,2018-09-28,00:00:00.000,271,16540.2,-6945.5,-14836.1,0.1,23279.348133055617
636,2018-09-29,00:00:00.000,272,16546.2,-6940.9,-14835.6,0.1,23281.921196713985
637,2018-09-30,00:00:00.000,273,16543.3,-6941.8,-14834.6,0.2,23279.491388129594
638,2018-10-01,00:00:00.000,274,16544.9,-6942.8,-14834.8,0.2,23281.05407600781
639,2018-10-02,00:00:00.000,275,16540.0,-6940.5,-14836.7,0.2,23278.09715462155
640,2018-10-03,00:00:00.000,276,16543.1,-6943.2,-14836.4,0.1,23280.913831076305
641,2018-10-04,00:00:00.000,277,16547.6,-6942.1,-14836.5,0.3,23283.8474144631
642,2018-10-05,00:00:00.000,278,16549.6,-6943.5,-14838.2,0.3,23286.769454993108
643,2018-10-06,00:00:00.000,279,16550.9,-6941.8,-14836.5,0.4,23286.103373042046
644,2018-10-07,00:00:00.000,280,16552.1,-6940.9,-14836.2,0.3,23286.496895411296
645,2018-10-08,00:00:00.000,281,16518.6,-6936.6,-14832.6,0.3,23259.11838999922
646,2018-10-09,00:00:00.000,282,16526.7,-6941.1,-14837.9,0.4,23269.59300267196
647,2018-10-10,00:00:00.000,283,16513.4,-6939.2,-14841.7,0.3,23262.00625676986
648,2018-10-11,00:00:00.000,284,16520.0,-6940.6,-14838.9,0.3,23265.32358618723
649,2018-10-12,00:00:00.000,285,16529.2,-6940.7,-14840.1,0.4,23272.652129484515
650,2018-10-13,00:00:00.000,286,16540.4,-6938.4,-14839.0,0.3,23279.221372717773
651,2018-10-14,00:00:00.000,287,16517.9,-6937.3,-14840.1,0.3,23263.61364255347
652,2018-10-15,00:00:00.000,288,16533.4,-6939.2,-14842.0,0.4,23276.399554054748
653,2018-10-16,00:00:00.000,289,16535.1,-6939.0,-14841.8,0.3,23277.419965494457
654,2018-10-17,00:00:00.000,290,16543.6,-6939.0,-14841.2,0.3,23283.076244345375
655,2018-10-18,00:00:00.000,291,16545.0,-6940.5,-14843.0,0.3,23285.665424247596
656,2018-10-19,00:00:00.000,292,16546.8,-6939.5,-14841.1,0.3,23285.435355603724
657,2018-10-20,00:00:00.000,293,16552.2,-6940.4,-14841.8,0.2,23289.987209957846
658,2018-10-21,00:00:00.000,294,16551.6,-6939.2,-14841.6,0.2,23289.075760106927
659,2018-10-22,00:00:00.000,295,16542.8,-6939.7,-14844.5,0.1,23284.820123419464
660,2018-10-23,00:00:00.000,296,16541.4,-6939.1,-14842.7,0.1,23282.499136905386
661,2018-10-24,00:00:00.000,297,16551.6,-6937.6,-14843.6,0.0,23289.87370682804
662,2018-10-25,00:00:00.000,298,16545.3,-6938.9,-14843.4,0.1,23285.65671953445
663,2018-10-26,00:00:00.000,299,16538.0,-6938.1,-14844.1,0.1,23280.67826374481
664,2018-10-27,00:00:00.000,300,16539.2,-6937.5,-14845.4,0.1,23282.180826761054
665,2018-10-28,00:00:00.000,301,16543.5,-6940.0,-14843.7,0.1,23284.896863417714
666,2018-10-29,00:00:00.000,302,16545.0,-6937.6,-14844.3,0.1,23285.629930281037
667,2018-10-30,00:00:00.000,303,16548.9,-6939.8,-14845.5,0.0,23289.82149996002
668,2018-10-31,00:00:00.000,304,16545.4,-6938.9,-14845.8,-0.1,23287.257717687586
669,2018-11-01,00:00:00.000,305,16547.6,-6936.5,-14847.4,0.0,23289.125891067702
670,2018-11-02,00:00:00.000,306,16545.7,-6940.1,-14845.3,-0.1,23287.50971207527
671,2018-11-03,00:00:00.000,307,16548.3,-6937.4,-14849.0,-0.1,23290.911374396666
672,2018-11-04,00:00:00.000,308,16548.0,-6937.3,-14846.6,-0.2,23289.13838788374
673,2018-11-05,00:00:00.000,309,16504.6,-6926.9,-14855.2,-0.2,23260.71219481467
674,2018-11-06,00:00:00.000,310,16512.0,-6936.7,-14849.6,-0.2,23265.308316246315
675,2018-11-07,00:00:00.000,311,16525.5,-6936.4,-14850.0,-0.3,23275.057362120508
676,2018-11-08,00:00:00.000,312,16529.8,-6934.4,-14848.2,-0.2,23276.36643980327
677,2018-11-09,00:00:00.000,313,16524.5,-6936.7,-14850.3,-0.3,23274.628186718688
678,2018-11-10,00:00:00.000,314,16509.6,-6930.7,-14848.2,-0.4,23260.92298018288
679,2018-11-11,00:00:00.000,315,16532.6,-6936.0,-14850.1,-0.3,23280.043573198054
680,2018-11-12,00:00:00.000,316,16540.2,-6934.2,-14850.3,-0.3,23285.03287027957
681,2018-11-13,00:00:00.000,317,16526.0,-6936.6,-14852.5,-0.4,23277.067079209097
682,2018-11-14,00:00:00.000,318,16534.8,-6937.0,-14852.0,-0.3,23283.11585763383
683,2018-11-15,00:00:00.000,319,16537.5,-6938.2,-14850.9,-0.3,23284.68931078961
685,2018-11-17,00:00:00.000,321,16542.5,-6936.5,-14853.3,99999.0,23289.264895869943
686,2018-11-18,00:00:00.000,322,16537.6,-6938.3,-14853.4,99999.0,23286.384695997785
687,2018-11-19,00:00:00.000,323,16551.4,-6934.8,-14855.0,99999.0,23296.1653067624
688,2018-11-20,00:00:00.000,324,16539.5,-6933.3,-14852.4,0.0,23285.60703310094
689,2018-11-21,00:00:00.000,325,16541.6,-6936.1,-14854.1,0.1,23289.01673708016
690,2018-11-22,00:00:00.000,326,16532.6,-6937.6,-14853.8,0.0,23282.880641363943
691,2018-11-23,00:00:00.000,327,16540.1,-6936.4,-14853.2,0.0,23287.46665504859
692,2018-11-24,00:00:00.000,328,16543.1,-6935.1,-14854.7,0.1,23290.167060585893
693,2018-11-25,00:00:00.000,329,16549.5,-6935.8,-14854.0,0.0,23294.475480036035
694,2018-11-26,00:00:00.000,330,16536.8,-6935.8,-14854.7,0.1,23285.90105557438
695,2018-11-27,00:00:00.000,331,16541.0,-6936.0,-14855.2,0.1,23289.262419406932
696,2018-11-28,00:00:00.000,332,16538.9,-6933.5,-14856.3,0.1,23287.728209295125
697,2018-11-29,00:00:00.000,333,16533.5,-6934.0,-14859.1,0.2,23285.828975151388
698,2018-11-30,00:00:00.000,334,16538.4,-6937.6,-14856.7,0.1,23288.849332030124
699,2018-12-01,00:00:00.000,335,16543.1,-6935.8,-14856.7,0.1,23291.65116817612
700,2018-12-02,00:00:00.000,336,16535.7,-6932.9,-14858.4,0.2,23286.61691744853
701,2018-12-03,00:00:00.000,337,16537.1,-6936.2,-14855.6,0.2,23286.80738551337
702,2018-12-04,00:00:00.000,338,16529.1,-6929.8,-14859.9,0.3,23281.965184666
703,2018-12-05,00:00:00.000,339,16523.0,-6934.2,-14861.9,0.3,23280.22186857333
704,2018-12-06,00:00:00.000,340,16528.2,-6935.5,-14858.6,99999.0,23282.1938281168
705,2018-12-07,00:00:00.000,341,16543.4,-6930.5,-14860.7,99999.0,23292.838347869932
706,2018-12-08,00:00:00.000,342,16529.3,-6929.7,-14862.0,99999.0,23283.417802805496
707,2018-12-09,00:00:00.000,343,16533.5,-6932.3,-14860.7,99999.0,23286.34385278204
708,2018-12-10,00:00:00.000,344,16525.0,-6933.7,-14861.2,99999.0,23281.045640821205
709,2018-12-11,00:00:00.000,345,16532.0,-6934.5,-14861.2,99999.0,23286.253019539232
710,2018-12-12,00:00:00.000,346,16526.1,-6930.4,-14862.0,99999.0,23281.354543282054
711,2018-12-13,00:00:00.000,347,16528.3,-6932.5,-14863.4,99999.0,23284.435073670997
712,2018-12-14,00:00:00.000,348,16535.1,-6933.7,-14862.0,0.3,23288.72627903896
713,2018-12-15,00:00:00.000,349,16534.9,-6935.3,-14862.4,0.4,23289.315959469484
714,2018-12-16,00:00:00.000,350,16533.6,-6935.9,-14861.3,0.3,23287.869706351416
715,2018-12-17,00:00:00.000,351,16542.0,-6932.9,-14861.2,0.3,23292.877277184973
716,2018-12-18,00:00:00.000,352,16515.3,-6934.1,-14865.6,0.5,23277.090459505456
717,2018-12-19,00:00:00.000,353,16532.8,-6933.4,-14863.0,0.4,23287.642225008523
718,2018-12-20,00:00:00.000,354,16522.5,-6929.6,-14865.4,0.4,23280.731938021192
719,2018-12-21,00:00:00.000,355,16525.7,-6930.3,-14864.3,0.3,23282.509166110085
720,2018-12-22,00:00:00.000,356,16521.4,-6933.7,-14866.3,0.3,23281.74669864785
721,2018-12-23,00:00:00.000,357,16530.5,-6935.5,-14864.5,0.2,23287.59220593662
722,2018-12-24,00:00:00.000,358,16539.4,-6933.3,-14865.6,99999.0,23293.95768455846
723,2018-12-25,00:00:00.000,359,16522.1,-6938.3,-14866.9,99999.0,23283.99688434097
724,2018-12-26,00:00:00.000,360,16532.4,-6932.9,-14866.9,99999.0,23289.698748159026
725,2018-12-27,00:00:00.000,361,16530.6,-6935.2,-14868.1,99999.0,23289.8718976726
726,2018-12-28,00:00:00.000,362,16525.8,-6927.8,-14875.7,0.2,23289.11610538279
727,2018-12-29,00:00:00.000,363,16521.1,-6934.4,-14866.9,0.1,23282.12542230627
728,2018-12-30,00:00:00.000,364,16528.4,-6939.4,-14866.6,-0.1,23288.603961594607
729,2018-12-31,00:00:00.000,365,16519.0,-6934.0,-14869.0,99999.0,23281.85727127456
730,2019-01-01,00:00:00.000,1,16525.4,-6934.2,-14867.0,99999.0,23285.1812060804
731,2019-01-02,00:00:00.000,2,16519.2,-6935.3,-14868.1,99999.0,23281.81162066217
732,2019-01-03,00:00:00.000,3,16521.3,-6932.3,-14869.2,0.1,23283.11073761408
733,2019-01-04,00:00:00.000,4,16530.2,-6934.5,-14868.1,0.0,23289.379551632544
734,2019-01-05,00:00:00.000,5,16499.1,-6932.6,-14875.4,99999.0,23271.41527131515
735,2019-01-06,00:00:00.000,6,16513.7,-6931.3,-14870.8,99999.0,23278.44281776597
736,2019-01-07,00:00:00.000,7,16519.4,-6936.4,-14865.9,99999.0,23280.87636086752
737,2019-01-08,00:00:00.000,8,16522.5,-6931.1,-14869.4,0.1,23283.732729525997
738,2019-01-09,00:00:00.000,9,16524.7,-6931.0,-14869.8,0.0,23285.519601889926
739,2019-01-10,00:00:00.000,10,16523.4,-6931.7,-14870.5,-0.1,23285.25247232677
740,2019-01-11,00:00:00.000,11,16527.8,-6936.0,-14868.6,0.0,23288.442086150804
741,2019-01-12,00:00:00.000,12,16515.6,-6935.6,-14870.1,0.0,23280.624234113657
742,2019-01-13,00:00:00.000,13,16520.4,-6936.2,-14870.3,0.0,23284.336123024852
743,2019-01-14,00:00:00.000,14,16530.1,-6929.4,-14872.8,0.1,23290.791532491974
744,2019-01-15,00:00:00.000,15,16515.3,-6934.1,-14872.7,0.0,23281.625419845583
745,2019-01-16,00:00:00.000,16,16525.2,-6932.0,-14872.1,0.0,23287.640873433273
746,2019-01-17,00:00:00.000,17,16484.7,-6926.9,-14876.6,0.1,23260.277411501353
747,2019-01-18,00:00:00.000,18,16505.9,-6932.3,-14875.7,0.1,23276.339243747076
748,2019-01-19,00:00:00.000,19,16523.1,-6934.0,-14871.8,0.1,23286.5545937994
749,2019-01-20,00:00:00.000,20,16511.8,-6937.1,-14870.4,0.2,23278.567219869867
750,2019-01-21,00:00:00.000,21,16522.2,-6932.7,-14872.2,99999.0,23285.78439670865
751,2019-01-22,00:00:00.000,22,16528.5,-6933.0,-14872.6,0.2,23290.59964900002
752,2019-01-23,00:00:00.000,23,16523.3,-6932.2,-14872.4,0.3,23286.54378584336
753,2019-01-24,00:00:00.000,24,16502.3,-6933.6,-14874.2,0.3,23273.21507420064
754,2019-01-25,00:00:00.000,25,16513.8,-6928.3,-14875.5,0.4,23280.6235221482
755,2019-01-26,00:00:00.000,26,16509.1,-6935.3,-14874.9,0.5,23278.990934101934
756,2019-01-27,00:00:00.000,27,16516.8,-6935.0,-14876.8,0.5,23285.576769322248
757,2019-01-28,00:00:00.000,28,16512.3,-6934.1,-14877.4,0.4,23282.50039965639
758,2019-01-29,00:00:00.000,29,16521.2,-6935.2,-14874.7,0.5,23287.41609904371
759,2019-01-30,00:00:00.000,30,16518.7,-6933.7,-14874.9,0.4,23285.323605009227
760,2019-01-31,00:00:00.000,31,16527.7,-6931.7,-14875.3,0.4,23291.369265674355
761,2019-02-01,00:00:00.000,32,16492.3,-6923.9,-14878.3,0.3,23265.858277527608
762,2019-02-02,00:00:00.000,33,16500.7,-6932.8,-14878.2,0.3,23274.399059266816
763,2019-02-03,00:00:00.000,34,16498.6,-6933.0,-14879.5,0.3,23273.800961811117
764,2019-02-04,00:00:00.000,35,16506.6,-6931.6,-14877.7,0.3,23277.905391379183
766,2019-02-06,00:00:00.000,37,16514.1,-6931.4,-14876.9,0.6,23282.653594038627
767,2019-02-07,00:00:00.000,38,16500.6,-6930.1,-14878.9,0.5,23273.97154720268
768,2019-02-08,00:00:00.000,39,16490.2,-6934.3,-14879.2,0.5,23268.042572807884
769,2019-02-09,00:00:00.000,40,16494.8,-6933.9,-14880.4,0.5,23271.950936911155
770,2019-02-10,00:00:00.000,41,16514.0,-6931.8,-14878.1,0.4,23283.468531342147
771,2019-02-11,00:00:00.000,42,16514.6,-6935.6,-14878.0,0.4,23284.961767630197
772,2019-02-12,00:00:00.000,43,16503.4,-6933.3,-14881.5,0.4,23278.57174957261
774,2019-02-14,00:00:00.000,45,16495.4,-6932.8,-14883.0,0.2,23273.711049164463
775,2019-02-15,00:00:00.000,46,16515.4,-6931.7,-14880.9,99999.0,23286.22096562686
776,2019-02-16,00:00:00.000,47,16511.0,-6934.2,-14880.4,99999.0,23283.525394578886
777,2019-02-17,00:00:00.000,48,16516.4,-6932.7,-14880.3,99999.0,23286.844490827865
778,2019-02-18,00:00:00.000,49,16518.9,-6936.5,-14880.4,99999.0,23289.813086841208
781,2019-02-21,00:00:00.000,52,16498.7,-6927.2,-14887.1,99999.0,23277.00470292516
782,2019-02-22,00:00:00.000,53,16491.4,-6929.8,-14886.2,99999.0,23272.029400978336
783,2019-02-23,00:00:00.000,54,16512.8,-6932.5,-14881.7,99999.0,23285.126475499335
784,2019-02-24,00:00:00.000,55,16517.6,-6932.0,-14882.5,99999.0,23288.89306107098
785,2019-02-25,00:00:00.000,56,16520.2,-6933.2,-14882.5,99999.0,23291.09436093547
786,2019-02-26,00:00:00.000,57,16511.6,-6933.3,-14884.3,99999.0,23286.175511234127
787,2019-02-27,00:00:00.000,58,16513.6,-6932.8,-14884.8,99999.0,23287.764423404835
788,2019-02-28,00:00:00.000,59,16484.5,-6932.0,-14884.9,0.1,23266.963967393767
789,2019-03-01,00:00:00.000,60,16480.8,-6930.4,-14886.1,0.0,23264.63380347948
790,2019-03-02,00:00:00.000,61,16503.1,-6938.8,-14881.1,99999.0,23279.742100375595
791,2019-03-03,00:00:00.000,62,16497.4,-6933.6,-14885.2,99999.0,23276.77371888123
792,2019-03-04,00:00:00.000,63,16499.9,-6935.6,-14884.2,99999.0,23278.502035354424
793,2019-03-05,00:00:00.000,64,16484.4,-6937.7,-14886.9,99999.0,23269.871427663715
794,2019-03-06,00:00:00.000,65,16498.9,-6933.0,-14887.2,99999.0,23278.93713316826
795,2019-03-07,00:00:00.000,66,16504.4,-6931.5,-14885.1,0.1,23281.046231215645
796,2019-03-08,00:00:00.000,67,16482.6,-6933.7,-14889.2,99999.0,23268.875673096023
798,2019-03-10,00:00:00.000,69,16502.1,-6934.8,-14885.2,0.1,23280.462505929732
799,2019-03-11,00:00:00.000,70,16510.1,-6931.3,-14886.2,0.0,23285.731084507526
800,2019-03-12,00:00:00.000,71,16506.2,-6933.1,-14886.3,0.1,23283.56591546922
801,2019-03-13,00:00:00.000,72,16496.4,-6932.5,-14888.1,0.1,23277.59203225282
802,2019-03-14,00:00:00.000,73,16507.6,-6931.8,-14888.7,0.0,23285.705844788128
803,2019-03-15,00:00:00.000,74,16481.8,-6931.1,-14891.6,0.0,23269.07022229294
804,2019-03-16,00:00:00.000,75,16504.5,-6930.8,-14890.3,0.1,23284.23378554682
805,2019-03-17,00:00:00.000,76,16482.4,-6946.4,-14879.8,99999.0,23266.508778929423
806,2019-03-18,00:00:00.000,77,16495.8,-6929.2,-14890.6,-0.2,23277.783370415662
807,2019-03-19,00:00:00.000,78,16503.1,-6931.0,-14890.1,0.0,23283.173078856755
808,2019-03-20,00:00:00.000,79,16495.4,-6927.5,-14891.3,99999.0,23277.441721546635
809,2019-03-21,00:00:00.000,80,16504.0,-6931.0,-14890.1,0.0,23283.811007006563
810,2019-03-22,00:00:00.000,81,16505.8,-6933.4,-14891.5,99999.0,23286.69666247233
811,2019-03-23,00:00:00.000,82,16509.7,-6933.4,-14889.8,0.1,23288.37421740728
812,2019-03-24,00:00:00.000,83,16508.8,-6932.6,-14888.9,0.1,23286.922583501666
813,2019-03-25,00:00:00.000,84,16526.8,-6932.5,-14890.2,0.2,23300.48777450807
814,2019-03-26,00:00:00.000,85,16507.0,-6933.0,-14891.7,0.1,23287.55605232116
815,2019-03-27,00:00:00.000,86,16517.5,-6931.5,-14890.5,0.0,23293.786483738535
816,2019-03-28,00:00:00.000,87,16506.4,-6931.0,-14891.1,0.1,23286.151703748736
817,2019-03-29,00:00:00.000,88,16494.7,-6935.3,-14892.1,99999.0,23279.77999445012
818,2019-03-30,00:00:00.000,89,16494.9,-6933.2,-14892.8,0.0,23279.74398677958
819,2019-03-31,00:00:00.000,90,16498.5,-6932.7,-14892.7,0.0,23282.082055305964
820,2019-04-01,00:00:00.000,91,16495.6,-6929.7,-14892.3,0.1,23278.877995728228
821,2019-04-02,00:00:00.000,92,16495.0,-6930.2,-14893.2,0.1,23279.17746141388
822,2019-04-03,00:00:00.000,93,16484.4,-6934.2,-14895.5,0.0,23274.33120951062
823,2019-04-04,00:00:00.000,94,16477.4,-6925.1,-14894.5,0.0,23266.02353261081
825,2019-04-06,00:00:00.000,96,16489.3,-6932.0,-14893.9,0.1,23276.12286657724
826,2019-04-07,00:00:00.000,97,16490.4,-6930.7,-14893.9,0.0,23276.515028242524
827,2019-04-08,00:00:00.000,98,16486.0,-6933.6,-14894.0,0.0,23274.325789590555
829,2019-04-10,00:00:00.000,100,16488.0,-6932.8,-14897.7,0.0,23277.87200604901
830,2019-04-11,00:00:00.000,101,16486.7,-6930.9,-14894.8,-0.1,23274.529398894407
831,2019-04-12,00:00:00.000,102,16495.1,-6930.6,-14894.3,99999.0,23280.071152382672
832,2019-04-13,00:00:00.000,103,16492.8,-6940.1,-14890.9,-0.4,23279.096689089976
833,2019-04-14,00:00:00.000,104,16497.6,-6930.2,-14895.5,-0.3,23282.49123375761
834,2019-04-15,00:00:00.000,105,16498.1,-6933.1,-14895.2,-0.3,23283.516965011964
835,2019-04-16,00:00:00.000,106,16485.4,-6929.2,-14895.0,-0.3,23273.230347332534
836,2019-04-17,00:00:00.000,107,16492.6,-6931.1,-14896.6,-0.4,23279.92039354946
837,2019-04-18,00:00:00.000,108,16501.2,-6932.1,-14896.7,-0.3,23286.375474512988
838,2019-04-19,00:00:00.000,109,16503.5,-6931.5,-14896.5,-0.3,23287.698828995533
839,2019-04-20,00:00:00.000,110,16499.4,-6931.0,-14899.0,-0.3,23286.244058671207
840,2019-04-21,00:00:00.000,111,16496.1,-6930.5,-14897.8,-0.3,23282.989290466976
841,2019-04-22,00:00:00.000,112,16495.6,-6930.2,-14899.7,-0.3,23283.76154082497
842,2019-04-23,00:00:00.000,113,16499.5,-6930.7,-14899.2,-0.3,23286.353587026028
843,2019-04-24,00:00:00.000,114,16468.8,-6941.0,-14897.3,-0.3,23266.465174796107
844,2019-04-25,00:00:00.000,115,16489.2,-6931.7,-14899.1,-0.4,23279.290417450444
845,2019-04-26,00:00:00.000,116,16491.9,-6931.4,-14899.3,-0.4,23281.241634844137
846,2019-04-27,00:00:00.000,117,16481.7,-6932.5,-14900.9,-0.4,23275.36921189436
847,2019-04-28,00:00:00.000,118,16481.4,-6931.0,-14900.0,-0.4,23274.13386057578
848,2019-04-29,00:00:00.000,119,16489.9,-6930.9,-14899.4,-0.3,23279.740058256666
849,2019-04-30,00:00:00.000,120,16485.4,-6931.7,-14901.6,-0.4,23278.199256171
850,2019-05-01,00:00:00.000,121,16498.9,-6931.6,-14900.0,-0.3,23286.708221000237
851,2019-05-02,00:00:00.000,122,16470.2,-6931.8,-14904.7,-0.4,23269.452536963567
852,2019-05-03,00:00:00.000,123,16480.2,-6932.9,-14901.7,-0.4,23274.938396051664
853,2019-05-04,00:00:00.000,124,16484.8,-6929.2,-14902.2,-0.4,23277.41412872143
854,2019-05-05,00:00:00.000,125,16476.9,-6930.5,-14902.0,-0.3,23272.079147768472
855,2019-05-06,00:00:00.000,126,16482.4,-6929.9,-14903.5,-0.3,23276.755272589002
856,2019-05-07,00:00:00.000,127,16482.7,-6929.3,-14902.3,-0.3,23276.020773963923
857,2019-05-08,00:00:00.000,128,16491.3,-6931.1,-14902.8,-0.4,23282.967395501804
858,2019-05-09,00:00:00.000,129,16499.0,-6932.6,-14902.6,-0.3,23288.74042364679
859,2019-05-10,00:00:00.000,130,16485.1,-6930.3,-14905.3,-0.3,23279.938749704645
860,2019-05-11,00:00:00.000,131,16445.2,-6934.0,-14909.9,-0.3,23255.753633240958
861,2019-05-12,00:00:00.000,132,16459.4,-6926.5,-14905.5,-0.2,23260.743342808288
862,2019-05-13,00:00:00.000,133,16473.0,-6930.8,-14908.5,-0.2,23273.570630438295
863,2019-05-14,00:00:00.000,134,16485.6,-6931.8,-14904.1,-0.2,23279.971121330884
864,2019-05-15,00:00:00.000,135,16451.7,-6929.8,-14907.3,-0.3,23257.432236169152
865,2019-05-16,00:00:00.000,136,16485.9,-6930.2,-14905.7,-0.2,23280.73158944968
866,2019-05-17,00:00:00.000,137,16461.9,-6928.5,-14907.9,-0.3,23264.645844499762
867,2019-05-18,00:00:00.000,138,16485.6,-6930.5,-14905.2,-0.2,23280.288328326176
868,2019-05-19,00:00:00.000,139,16483.2,-6930.6,-14907.5,-0.1,23280.091384056035
869,2019-05-20,00:00:00.000,140,16484.1,-6931.5,-14907.5,-0.2,23280.996570379026
870,2019-05-21,00:00:00.000,141,16482.7,-6930.4,-14907.4,-0.2,23279.613789966534
871,2019-05-22,00:00:00.000,142,16486.7,-6930.5,-14908.0,-0.2,23282.860029214626
872,2019-05-23,00:00:00.000,143,16489.2,-6932.9,-14906.2,-0.1,23284.192438003945
873,2019-05-24,00:00:00.000,144,16467.2,-6930.8,-14906.6,-0.2,23268.248495320826
874,2019-05-25,00:00:00.000,145,16496.7,-6932.8,-14905.9,-0.1,23289.282546699458
875,2019-05-26,00:00:00.000,146,16487.3,-6930.4,-14908.3,-0.1,23283.44721771241
876,2019-05-27,00:00:00.000,147,16511.4,-6932.3,-14905.2,-0.2,23299.10084724301
877,2019-05-28,00:00:00.000,148,16472.0,-6932.8,-14907.5,-0.2,23272.817966245515
878,2019-05-29,00:00:00.000,149,16480.2,-6933.7,-14907.8,-0.1,23279.08264021587
879,2019-05-30,00:00:00.000,150,16464.9,-6930.2,-14912.9,-0.3,23270.478947799937
880,2019-05-31,00:00:00.000,151,16483.1,-6930.2,-14908.5,-0.2,23280.541872989124
881,2019-06-01,00:00:00.000,152,16478.7,-6928.7,-14910.0,-0.2,23277.94100387747
882,2019-06-02,00:00:00.000,153,16475.8,-6930.4,-14911.1,-0.2,23277.098895910545
883,2019-06-03,00:00:00.000,154,16475.4,-6930.1,-14912.3,-0.1,23277.495192997034
884,2019-06-04,00:00:00.000,155,16483.6,-6931.3,-14911.0,-0.1,23282.824348648082
885,2019-06-05,00:00:00.000,156,16459.9,-6928.8,-14911.7,-0.2,23265.755400158407
886,2019-06-06,00:00:00.000,157,16480.4,-6928.5,-14912.6,-0.4,23280.750313724857
887,2019-06-07,00:00:00.000,158,16479.1,-6929.3,-14912.1,-0.4,23279.747887595346
888,2019-06-08,00:00:00.000,159,16473.7,-6929.5,-14911.6,-0.4,23275.664899203202
889,2019-06-09,00:00:00.000,160,16452.6,-6933.0,-14912.3,-0.3,23262.227473954423
890,2019-06-10,00:00:00.000,161,16473.7,-6930.1,-14912.8,-0.4,23276.61232954658
891,2019-06-11,00:00:00.000,162,16477.7,-6929.9,-14913.3,-0.3,23279.704211823657
892,2019-06-12,00:00:00.000,163,16484.5,-6930.8,-14911.4,-0.3,23283.568859820436
893,2019-06-13,00:00:00.000,164,16486.5,-6929.7,-14912.6,-0.4,23285.425980642915
894,2019-06-14,00:00:00.000,165,16459.1,-6938.4,-14913.7,-0.4,23269.332071634544
895,2019-06-15,00:00:00.000,166,16478.9,-6931.4,-14913.2,-0.5,23280.93609393746
896,2019-06-16,00:00:00.000,167,16477.0,-6929.2,-14915.0,-0.4,23280.08948951872
897,2019-06-17,00:00:00.000,168,16477.8,-6929.7,-14915.2,-0.5,23280.932669676273
898,2019-06-18,00:00:00.000,169,16488.4,-6931.6,-14913.6,-0.4,23287.977114382436
899,2019-06-19,00:00:00.000,170,16484.7,-6932.3,-14915.3,-0.4,23286.654793464862
900,2019-06-20,00:00:00.000,171,16487.7,-6931.1,-14915.0,-0.5,23288.22929078121
901,2019-06-21,00:00:00.000,172,16475.2,-6933.1,-14914.5,-0.5,23279.65637418216
902,2019-06-22,00:00:00.000,173,16480.5,-6931.0,-14916.3,-0.3,23283.935383435506
903,2019-06-23,00:00:00.000,174,16485.7,-6931.9,-14916.3,-0.3,23287.884141544502
904,2019-06-24,00:00:00.000,175,16483.0,-6932.7,-14916.1,-0.3,23286.082914479197
905,2019-06-25,00:00:00.000,176,16480.7,-6929.9,-14916.4,-0.3,23283.813593567527
906,2019-06-26,00:00:00.000,177,16479.2,-6932.8,-14917.4,-0.2,23284.255866142685
907,2019-06-27,00:00:00.000,178,16478.2,-6929.4,-14917.3,-0.2,23282.471923960307
908,2019-06-28,00:00:00.000,179,16488.1,-6931.7,-14916.8,-0.3,23289.8438968577
909,2019-06-29,00:00:00.000,180,16475.5,-6928.7,-14918.1,-0.3,23280.86535225871
910,2019-06-30,00:00:00.000,181,16479.5,-6930.7,-14919.0,-0.1,23284.868128035425
911,2019-07-01,00:00:00.000,182,16475.7,-6932.0,-14918.9,-0.1,23282.501835069186
912,2019-07-02,00:00:00.000,183,16459.9,-6926.9,-14922.2,-0.2,23271.920944778067
913,2019-07-03,00:00:00.000,184,16476.1,-6927.9,-14919.1,-0.2,23281.692688247564
914,2019-07-04,00:00:00.000,185,16470.9,-6929.7,-14919.8,-0.3,23278.99742128084
915,2019-07-05,00:00:00.000,186,16481.4,-6929.1,-14918.7,-0.3,23285.544495673705
916,2019-07-06,00:00:00.000,187,16475.4,-6929.0,-14921.0,-0.3,23282.74226030946
917,2019-07-07,00:00:00.000,188,16483.5,-6929.9,-14920.1,-0.4,23288.16588462904
918,2019-07-08,00:00:00.000,189,16468.9,-6929.0,-14921.3,-0.3,23278.33546239937
919,2019-07-09,00:00:00.000,190,16487.3,-6934.1,-14921.0,-0.3,23292.68222210572
920,2019-07-10,00:00:00.000,191,16459.9,-6928.3,-14922.2,-0.3,23272.33769392323
921,2019-07-11,00:00:00.000,192,16448.6,-6927.6,-14926.2,-0.4,23266.704325279934
922,2019-07-12,00:00:00.000,193,16461.6,-6926.8,-14924.6,-0.3,23274.63249892466
923,2019-07-13,00:00:00.000,194,16466.4,-6927.8,-14923.1,-0.3,23277.363583748054
924,2019-07-14,00:00:00.000,195,16464.4,-6932.7,-14923.9,-0.2,23277.92060859389
925,2019-07-15,00:00:00.000,196,16462.1,-6928.6,-14926.3,-0.2,23276.611997023963
926,2019-07-16,00:00:00.000,197,16466.5,-6928.4,-14924.2,-0.3,23278.318119013667
927,2019-07-17,00:00:00.000,198,16468.2,-6928.4,-14925.4,-0.2,23280.290010221095
928,2019-07-18,00:00:00.000,199,16467.0,-6928.0,-14925.8,-0.2,23279.578575223393
929,2019-07-19,00:00:00.000,200,16468.6,-6927.8,-14926.2,-0.2,23280.90731135709
930,2019-07-20,00:00:00.000,201,16468.0,-6925.5,-14925.5,-0.2,23279.34974392541
931,2019-07-21,00:00:00.000,202,16475.0,-6927.5,-14926.7,-0.2,23285.66628078312
932,2019-07-22,00:00:00.000,203,16479.6,-6928.7,-14924.5,-0.2,23287.86808834162
933,2019-07-23,00:00:00.000,204,16463.4,-6927.2,-14927.2,-0.2,23277.691879565722
934,2019-07-24,00:00:00.000,205,16465.8,-6928.7,-14926.8,-0.2,23279.579282495633
935,2019-07-25,00:00:00.000,206,16466.5,-6928.8,-14927.0,-0.2,23280.232401975718
936,2019-07-26,00:00:00.000,207,16470.7,-6927.9,-14926.0,-0.4,23282.294407983074
937,2019-07-27,00:00:00.000,208,16473.2,-6928.8,-14927.4,-0.3,23285.228331283335
938,2019-07-28,00:00:00.000,209,16469.3,-6927.2,-14926.8,-0.3,23281.608633640415
939,2019-07-29,00:00:00.000,210,16472.9,-6929.0,-14928.7,-0.3,23285.90902455818
940,2019-07-30,00:00:00.000,211,16467.4,-6928.7,-14929.2,-0.3,23282.249871737054
941,2019-07-31,00:00:00.000,212,16472.9,-6925.5,-14928.7,-0.3,23284.867797563293
942,2019-08-01,00:00:00.000,213,16469.8,-6930.1,-14929.1,-0.3,23284.29996499787
943,2019-08-02,00:00:00.000,214,16467.3,-6926.6,-14928.9,-0.3,23281.361903033077
944,2019-08-03,00:00:00.000,215,16472.6,-6927.4,-14929.8,-0.3,23285.92599747753
945,2019-08-04,00:00:00.000,216,16469.6,-6928.5,-14929.6,-0.3,23284.00293270038
946,2019-08-05,00:00:00.000,217,16482.9,-6930.0,-14927.1,-0.3,23292.256370304705
947,2019-08-06,00:00:00.000,218,16438.2,-6924.0,-14930.5,-0.4,23261.040937369937
948,2019-08-07,00:00:00.000,219,16448.2,-6929.4,-14933.0,-0.4,23271.320473922402
949,2019-08-08,00:00:00.000,220,16449.7,-6926.0,-14933.1,-0.3,23271.432738445652
950,2019-08-09,00:00:00.000,221,16451.2,-6926.0,-14931.5,-0.2,23271.466427580366
951,2019-08-10,00:00:00.000,222,16457.2,-6928.4,-14931.6,-0.3,23276.48678301775
952,2019-08-11,00:00:00.000,223,16453.8,-6924.0,-14933.3,-0.4,23273.864297318567
953,2019-08-12,00:00:00.000,224,16460.2,-6927.5,-14934.1,-0.4,23279.943795035244
954,2019-08-13,00:00:00.000,225,16468.9,-6927.7,-14931.9,-0.4,23284.74462196225
955,2019-08-14,00:00:00.000,226,16455.1,-6928.5,-14932.4,-0.4,23275.545063864778
956,2019-08-15,00:00:00.000,227,16465.0,-6926.5,-14931.3,-0.4,23281.244531596672
957,2019-08-16,00:00:00.000,228,16461.7,-6927.1,-14935.9,-0.4,23282.040076204667
958,2019-08-17,00:00:00.000,229,16460.3,-6926.3,-14934.3,-0.3,23279.785743644636
959,2019-08-18,00:00:00.000,230,16470.9,-6926.0,-14932.8,-0.4,23286.230666426032
960,2019-08-19,00:00:00.000,231,16451.6,-6924.3,-14936.1,-0.3,23274.195072225375
961,2019-08-20,00:00:00.000,232,16464.4,-6925.3,-14935.5,-0.3,23283.157167789766
962,2019-08-21,00:00:00.000,233,16461.1,-6928.6,-14935.1,-0.2,23281.548985838548
963,2019-08-22,00:00:00.000,234,16464.9,-6927.2,-14935.7,-0.3,23284.204223893932
964,2019-08-23,00:00:00.000,235,16468.2,-6928.9,-14935.1,-0.2,23286.65880842505
965,2019-08-24,00:00:00.000,236,16463.1,-6926.0,-14936.1,-0.1,23282.831031040874
966,2019-08-25,00:00:00.000,237,16464.8,-6925.6,-14936.0,-0.2,23283.84999092719
967,2019-08-26,00:00:00.000,238,16460.6,-6925.7,-14938.0,-0.1,23282.193128010942
968,2019-08-27,00:00:00.000,239,16457.6,-6925.6,-14937.9,-0.1,23279.97829745552
969,2019-08-28,00:00:00.000,240,16455.6,-6929.9,-14935.7,-0.1,23278.432504359047
970,2019-08-29,00:00:00.000,241,16455.9,-6925.5,-14938.1,-0.1,23278.875116078958
971,2019-08-30,00:00:00.000,242,16467.0,-6924.7,-14939.3,0.0,23287.25496017081
972,2019-08-31,00:00:00.000,243,16439.8,-6920.6,-14941.7,-0.1,23268.350334520925
973,2019-09-01,00:00:00.000,244,16417.6,-6922.9,-14944.6,-0.1,23255.218840724763
974,2019-09-02,00:00:00.000,245,16447.8,-6932.6,-14929.0,0.0,23269.42432893431
975,2019-09-03,00:00:00.000,246,16435.6,-6920.9,-14942.1,-0.1,23265.72922949117
976,2019-09-04,00:00:00.000,247,16436.6,-6922.2,-14942.7,-0.1,23267.20773298764
977,2019-09-05,00:00:00.000,248,16442.1,-6922.7,-14942.7,-0.1,23271.242145403412
978,2019-09-06,00:00:00.000,249,16443.3,-6922.9,-14942.6,-0.1,23272.085296767025
979,2019-09-07,00:00:00.000,250,16444.0,-6923.4,-14942.6,0.1,23272.72863933235
980,2019-09-08,00:00:00.000,251,16449.5,-6925.4,-14943.6,0.0,23277.852056622407
981,2019-09-09,00:00:00.000,252,16412.9,-6924.9,-14947.3,0.0,23254.231952700567
982,2019-09-10,00:00:00.000,253,16438.4,-6925.2,-14943.0,0.0,23269.564641393707
983,2019-09-11,00:00:00.000,254,16443.3,-6923.9,-14943.4,0.0,23272.89646047522
984,2019-09-12,00:00:00.000,255,16447.3,-6923.2,-14944.0,-0.1,23275.899800652176
985,2019-09-13,00:00:00.000,256,16460.4,-6922.6,-14942.5,0.0,23284.01737608869
986,2019-09-14,00:00:00.000,257,16451.5,-6923.4,-14944.0,0.1,23278.927290792417
987,2019-09-15,00:00:00.000,258,16443.5,-6922.6,-14945.2,0.1,23273.806866303585
988,2019-09-16,00:00:00.000,259,16441.4,-6920.9,-14948.4,0.1,23273.87276174724
989,2019-09-17,00:00:00.000,260,16448.1,-6921.2,-14948.2,0.1,23278.56710130587
990,2019-09-18,00:00:00.000,261,16443.2,-6922.0,-14948.3,0.2,23275.40726023929
991,2019-09-19,00:00:00.000,262,16444.9,-6925.6,-14946.3,0.1,23276.394803749143
992,2019-09-20,00:00:00.000,263,16453.5,-6925.1,-14945.7,0.4,23281.93765024724
993,2019-09-21,00:00:00.000,264,16456.5,-6925.9,-14946.2,0.4,23284.61675656269
994,2019-09-22,00:00:00.000,265,16427.3,-6921.5,-14949.5,0.2,23264.799543301462
995,2019-09-23,00:00:00.000,266,16455.1,-6925.4,-14947.4,0.4,23284.248923467552
996,2019-09-24,00:00:00.000,267,16455.3,-6923.1,-14948.2,0.3,23284.21986968857
997,2019-09-25,00:00:00.000,268,16446.6,-6922.4,-14949.4,0.3,23278.634703951175
998,2019-09-26,00:00:00.000,269,16451.4,-6922.4,-14948.7,0.2,23281.57673805621
999,2019-09-27,00:00:00.000,270,16454.1,-6922.3,-14948.0,0.2,23283.005564144845
1000,2019-09-28,00:00:00.000,271,16395.7,-6916.6,-14949.6,0.2,23241.103119473482
1001,2019-09-29,00:00:00.000,272,16446.3,-6923.1,-14945.9,0.3,23276.383398414797
1002,2019-09-30,00:00:00.000,273,16410.7,-6918.4,-14954.9,0.3,23255.630867813496
1003,2019-10-01,00:00:00.000,274,16440.9,-6919.7,-14950.0,0.3,23274.190445641714
1004,2019-10-02,00:00:00.000,275,16437.2,-6921.8,-14951.3,0.3,23273.036561007677
1005,2019-10-03,00:00:00.000,276,16440.1,-6920.2,-14951.1,0.2,23274.48060129377
1006,2019-10-04,00:00:00.000,277,16455.3,-6920.1,-14949.2,0.2,23283.970081152398
1007,2019-10-05,00:00:00.000,278,16445.6,-6921.8,-14948.9,0.2,23277.428676939384
1008,2019-10-06,00:00:00.000,279,16454.7,-6921.4,-14949.4,0.2,23284.0608659658
1009,2019-10-07,00:00:00.000,280,16443.0,-6921.4,-14951.7,0.2,23277.27131452482
1010,2019-10-08,00:00:00.000,281,16446.0,-6922.1,-14949.5,0.1,23278.185811183826
1011,2019-10-09,00:00:00.000,282,16446.9,-6921.8,-14951.3,0.1,23279.888456347897
1012,2019-10-10,00:00:00.000,283,16457.2,-6920.7,-14950.1,0.1,23286.069018621412
1013,2019-10-11,00:00:00.000,284,16436.4,-6919.1,-14952.9,0.1,23272.696624585646
1014,2019-10-12,00:00:00.000,285,16443.8,-6922.5,-14950.2,0.1,23277.200105038406
1015,2019-10-13,00:00:00.000,286,16442.8,-6918.6,-14953.2,0.1,23277.261179958434
1016,2019-10-14,00:00:00.000,287,16448.3,-6920.6,-14951.9,0.0,23280.906143447253
1017,2019-10-15,00:00:00.000,288,16450.1,-6916.3,-14952.7,0.0,23281.41389585263
1018,2019-10-16,00:00:00.000,289,16474.7,-6918.3,-14951.5,0.0,23298.625865702896
1019,2019-10-17,00:00:00.000,290,16443.9,-6920.1,-14953.8,0.0,23278.86950992251
1020,2019-10-18,00:00:00.000,291,16443.7,-6918.6,-14955.6,0.0,23279.438717675304
1021,2019-10-19,00:00:00.000,292,16443.4,-6917.1,-14956.2,0.0,23279.166531686657
1022,2019-10-20,00:00:00.000,293,16437.2,-6919.1,-14956.8,-0.1,23275.767546742685
1023,2019-10-21,00:00:00.000,294,16439.3,-6916.1,-14956.4,-0.1,23276.102007423833
1024,2019-10-22,00:00:00.000,295,16452.9,-6917.4,-14955.3,-0.1,23285.388965185874
1025,2019-10-23,00:00:00.000,296,16448.1,-6917.0,-14956.8,-0.2,23282.84237050966
1026,2019-10-24,00:00:00.000,297,16454.1,-6918.1,-14957.2,-0.1,23287.665109666963
1027,2019-10-25,00:00:00.000,298,16437.1,-6920.9,-14956.4,-0.1,23275.9750425197
1028,2019-10-26,00:00:00.000,299,16434.1,-6920.4,-14957.4,-0.1,23274.350554419343
1029,2019-10-27,00:00:00.000,300,16404.9,-6918.2,-14960.5,-0.2,23255.081068446096
1030,2019-10-28,00:00:00.000,301,16427.1,-6914.3,-14959.5,-0.2,23268.944951372418
1031,2019-10-29,00:00:00.000,302,16429.1,-6914.8,-14958.7,-0.2,23269.99122346203
1032,2019-10-30,00:00:00.000,303,16439.8,-6913.8,-14958.9,-0.2,23277.378368063703
1033,2019-10-31,00:00:00.000,304,16442.1,-6909.9,-14960.0,-0.2,23278.5517251396
1034,2019-11-01,00:00:00.000,305,16435.0,-6916.6,-14960.2,-0.2,23275.656050904345
1035,2019-11-02,00:00:00.000,306,16440.4,-6917.6,-14958.9,-0.3,23278.931056429545
1036,2019-11-03,00:00:00.000,307,16442.3,-6916.1,-14960.0,-0.2,23280.534111141005
1037,2019-11-04,00:00:00.000,308,16444.2,-6920.2,-14961.1,-0.2,23283.801126319562
1038,2019-11-05,00:00:00.000,309,16445.1,-6915.9,-14962.1,-0.3,23283.80173489716
1039,2019-11-06,00:00:00.000,310,16440.6,-6920.2,-14961.6,-0.2,23281.58007868023
1040,2019-11-07,00:00:00.000,311,16437.7,-6914.8,-14963.0,-0.2,23278.827490447195
1041,2019-11-08,00:00:00.000,312,16442.1,-6915.1,-14963.0,-0.1,23282.02373978688
1042,2019-11-09,00:00:00.000,313,16440.9,-6916.6,-14962.7,-0.2,23281.429072546216
1043,2019-11-10,00:00:00.000,314,16435.4,-6918.7,-14965.1,-0.2,23279.712216004733
1044,2019-11-11,00:00:00.000,315,16448.0,-6917.3,-14961.6,-0.2,23285.94464156436
1045,2019-11-12,00:00:00.000,316,16444.5,-6909.0,-14963.1,-0.1,23281.972056937102
1046,2019-11-13,00:00:00.000,317,16440.3,-6917.9,-14962.0,-0.1,23280.94174426799
1047,2019-11-14,00:00:00.000,318,16438.9,-6917.2,-14964.6,-0.1,23281.416241500432
1048,2019-11-15,00:00:00.000,319,16447.1,-6915.4,-14964.0,-0.1,23286.28677075845
1049,2019-11-16,00:00:00.000,320,16444.9,-6916.9,-14964.3,-0.1,23285.371289932227
1050,2019-11-17,00:00:00.000,321,16435.2,-6915.3,-14964.8,-0.2,23278.36790176665
1051,2019-11-18,00:00:00.000,322,16444.5,-6915.5,-14964.5,-0.1,23284.801496899217
1052,2019-11-19,00:00:00.000,323,16445.1,-6916.5,-14964.5,-0.1,23285.522251175727
1053,2019-11-20,00:00:00.000,324,16445.5,-6916.4,-14964.3,0.0,23285.64651668491
1054,2019-11-21,00:00:00.000,325,16438.7,-6914.9,-14968.6,99999.0,23283.163136910756
1055,2019-11-22,00:00:00.000,326,16430.2,-6912.5,-14968.2,0.0,23276.192547966257
1056,2019-11-23,00:00:00.000,327,16415.3,-6912.8,-14970.6,-0.1,23267.31059426508
1057,2019-11-24,00:00:00.000,328,16421.7,-6914.1,-14970.7,-0.2,23272.276815773745
1058,2019-11-25,00:00:00.000,329,16437.1,-6914.4,-14966.8,-0.1,23280.727780935027
1059,2019-11-26,00:00:00.000,330,16432.7,-6916.9,-14968.6,-0.1,23279.521491216266
1060,2019-11-27,00:00:00.000,331,16442.9,-6914.1,-14969.2,-0.1,23286.27681403792
1061,2019-11-28,00:00:00.000,332,16436.3,-6911.3,-14969.3,-0.2,23280.849809875926
1062,2019-11-29,00:00:00.000,333,16451.5,-6910.1,-14968.8,0.0,23290.906115907124
1063,2019-11-30,00:00:00.000,334,16427.3,-6912.1,-14971.1,-0.1,23275.891968085776
1064,2019-12-01,00:00:00.000,335,16439.3,-6912.8,-14971.5,0.0,23284.827690579976
1065,2019-12-02,00:00:00.000,336,16444.4,-6914.8,-14969.7,-0.1,23287.86526262122
1066,2019-12-03,00:00:00.000,337,16441.4,-6913.5,-14969.5,-0.1,23285.232368606503
1067,2019-12-04,00:00:00.000,338,16456.7,-6911.9,-14967.2,-0.1,23294.085351007026
1068,2019-12-05,00:00:00.000,339,16442.7,-6915.6,-14969.4,-0.1,23286.70957885635
1069,2019-12-06,00:00:00.000,340,16441.8,-6914.8,-14970.1,-0.1,23286.286528555815
1070,2019-12-07,00:00:00.000,341,16436.2,-6915.9,-14970.5,-0.2,23282.916773892397
1071,2019-12-08,00:00:00.000,342,16435.7,-6913.2,-14970.0,-0.1,23281.440435033226
1072,2019-12-09,00:00:00.000,343,16431.4,-6910.7,-14971.6,-0.1,23278.691694551908
1073,2019-12-10,00:00:00.000,344,16439.7,-6912.2,-14970.8,-0.1,23284.48190469352
1074,2019-12-11,00:00:00.000,345,16442.3,-6911.6,-14972.3,-0.1,23287.103966358718
1075,2019-12-12,00:00:00.000,346,16435.5,-6914.8,-14971.7,-0.1,23282.867524856127
1076,2019-12-13,00:00:00.000,347,16430.5,-6910.9,-14974.2,-0.1,23279.788115444695
1077,2019-12-14,00:00:00.000,348,16439.9,-6912.7,-14973.3,-0.1,23286.37898407565
1078,2019-12-15,00:00:00.000,349,16434.7,-6914.5,-14974.2,-0.2,23283.821421321714
1079,2019-12-16,00:00:00.000,350,16432.8,-6915.3,-14973.5,-0.1,23282.26776282757
1080,2019-12-17,00:00:00.000,351,16437.9,-6916.4,-14972.6,-0.1,23285.615648507126
1081,2019-12-18,00:00:00.000,352,16446.2,-6914.7,-14973.6,-0.1,23291.613672951044
1082,2019-12-19,00:00:00.000,353,16428.0,-6911.2,-14974.7,-0.1,23278.434430390716
1083,2019-12-20,00:00:00.000,354,16428.2,-6911.7,-14975.5,-0.1,23279.2386555059
1084,2019-12-21,00:00:00.000,355,16429.2,-6911.9,-14977.8,-0.1,23281.48335244127
1085,2019-12-22,00:00:00.000,356,16428.9,-6913.0,-14976.0,0.0,23280.440292442927
1086,2019-12-23,00:00:00.000,357,16431.9,-6915.4,-14975.1,0.0,23282.69131307633
1087,2019-12-24,00:00:00.000,358,16428.3,-6912.3,-14976.1,0.1,23279.873354251737
1088,2019-12-25,00:00:00.000,359,16436.4,-6914.1,-14976.4,0.1,23286.317457468453
1089,2019-12-26,00:00:00.000,360,16455.3,-6909.4,-14975.9,0.2,23297.945988005038
1090,2019-12-27,00:00:00.000,361,16437.9,-6910.5,-14976.9,0.1,23286.629216569752
1091,2019-12-28,00:00:00.000,362,16436.9,-6911.9,-14975.3,0.1,23285.309817779966
1092,2019-12-29,00:00:00.000,363,16435.5,-6911.4,-14977.9,0.2,23285.845456414074
1093,2019-12-30,00:00:00.000,364,16435.4,-6913.1,-14977.4,0.2,23285.957904496863
1094,2019-12-31,00:00:00.000,365,16450.2,-6911.3,-14977.1,0.2,23295.679259038574
